,One More Jack,Bold Star,Extra Time,Terbium,Dexter You Devil,Deep Speed,Picargo
07-01-2023 12:40:12.816613,"(6.0, 10.0, 9.533333333333333)","(20.0, 24.0, 22.76923076923077)","(6.0, 9.8, 9.620000000000001)","(8.0, 10.0, 9.814814814814815)","(101.0, 170.0, 146.0)","(7.5, 11.5, 11.0)","(1.8, 1.85, 1.84640625)"
07-01-2023 12:40:13.868715,"(6.0, 10.0, 9.569230769230769)","(20.0, 24.0, 22.76923076923077)","(6.0, 9.8, 9.620000000000001)","(8.0, 10.0, 9.814814814814815)","(101.0, 170.0, 146.0)","(7.5, 11.5, 11.0)","(1.8, 1.86, 1.84640625)"
07-01-2023 12:40:14.935730,"(6.0, 10.0, 9.569230769230769)","(20.0, 24.0, 22.76923076923077)","(6.0, 9.8, 9.620000000000001)","(8.0, 10.0, 9.814814814814815)","(101.0, 170.0, 146.0)","(7.5, 11.5, 11.0)","(1.8, 1.86, 1.84640625)"
07-01-2023 12:40:15.891895,"(6.0, 10.0, 9.569230769230769)","(20.0, 24.0, 22.76923076923077)","(6.0, 9.8, 9.620000000000001)","(8.0, 10.0, 9.814814814814815)","(101.0, 170.0, 146.0)","(7.5, 11.5, 11.0)","(1.8, 1.86, 1.84640625)"
07-01-2023 12:40:16.961464,"(6.0, 10.0, 9.569230769230769)","(20.0, 24.0, 22.76923076923077)","(6.0, 9.8, 9.620000000000001)","(8.0, 10.0, 9.814814814814815)","(101.0, 170.0, 146.0)","(7.5, 11.5, 11.0)","(1.75, 1.86, 1.84640625)"
07-01-2023 12:40:18.009821,"(6.0, 10.0, 9.569230769230769)","(20.0, 24.0, 22.76923076923077)","(6.0, 9.8, 9.620000000000001)","(8.0, 10.0, 9.814814814814815)","(101.0, 170.0, 146.0)","(7.5, 11.5, 11.0)","(1.75, 1.86, 1.84640625)"
07-01-2023 12:40:19.126550,"(6.0, 10.0, 9.569230769230769)","(20.0, 24.0, 22.76923076923077)","(6.0, 9.8, 9.620000000000001)","(8.0, 9.8, 9.55)","(101.0, 170.0, 146.0)","(7.5, 11.5, 11.0)","(1.75, 1.86, 1.84640625)"
07-01-2023 12:40:20.194960,"(6.0, 10.0, 9.569230769230769)","(20.0, 24.0, 22.76923076923077)","(6.0, 9.8, 9.620000000000001)","(8.0, 9.8, 9.55)","(101.0, 170.0, 146.0)","(7.5, 11.5, 11.0)","(1.75, 1.86, 1.84640625)"
07-01-2023 12:40:21.237723,"(6.0, 10.0, 9.569230769230769)","(20.0, 24.0, 22.76923076923077)","(6.0, 9.8, 9.620000000000001)","(8.0, 9.8, 9.55)","(101.0, 170.0, 146.0)","(7.5, 11.5, 11.0)","(1.75, 1.86, 1.84640625)"
07-01-2023 12:40:22.181468,"(6.0, 10.0, 9.569230769230769)","(20.0, 24.0, 23.11111111111111)","(6.0, 9.8, 9.620000000000001)","(8.0, 9.8, 9.55)","(101.0, 170.0, 146.0)","(7.5, 11.5, 11.0)","(1.75, 1.86, 1.84640625)"
07-01-2023 12:40:23.198968,"(6.0, 10.0, 9.569230769230769)","(20.0, 24.0, 23.11111111111111)","(6.0, 9.8, 9.620000000000001)","(8.0, 9.8, 9.55)","(101.0, 170.0, 146.0)","(7.5, 11.5, 11.0)","(1.75, 1.86, 1.84640625)"
07-01-2023 12:40:24.253823,"(6.0, 10.0, 9.569230769230769)","(20.0, 24.0, 23.0)","(6.0, 9.8, 9.620000000000001)","(8.0, 9.8, 9.55)","(101.0, 170.0, 146.0)","(7.5, 11.5, 11.166666666666666)","(1.75, 1.86, 1.84640625)"
07-01-2023 12:40:25.284289,"(6.0, 10.0, 9.569230769230769)","(20.0, 24.0, 23.0)","(6.0, 9.8, 9.620000000000001)","(8.0, 9.8, 9.704)","(101.0, 170.0, 146.0)","(7.5, 11.5, 11.147058823529411)","(1.75, 1.86, 1.84640625)"
07-01-2023 12:40:26.287759,"(6.0, 10.0, 9.569230769230769)","(20.0, 24.0, 23.0)","(6.0, 9.8, 9.620000000000001)","(8.0, 9.8, 9.704)","(101.0, 170.0, 147.14285714285714)","(7.5, 11.5, 11.147058823529411)","(1.75, 1.86, 1.84640625)"
07-01-2023 12:40:27.222350,"(6.0, 10.0, 9.58)","(20.0, 24.0, 23.0)","(6.0, 9.8, 9.620000000000001)","(8.0, 9.8, 9.704)","(101.0, 170.0, 147.14285714285714)","(7.5, 11.5, 11.147058823529411)","(1.75, 1.86, 1.84640625)"
07-01-2023 12:40:28.246723,"(6.0, 10.0, 9.58)","(20.0, 24.0, 23.0)","(6.0, 9.8, 9.620000000000001)","(8.0, 9.8, 9.704)","(101.0, 170.0, 147.14285714285714)","(7.5, 11.5, 11.147058823529411)","(1.75, 1.86, 1.84640625)"
07-01-2023 12:40:29.335731,"(6.0, 10.0, 9.58)","(20.0, 24.0, 23.0)","(6.0, 9.8, 9.620000000000001)","(8.0, 9.8, 9.704)","(101.0, 170.0, 147.14285714285714)","(7.5, 11.5, 11.147058823529411)","(1.75, 1.86, 1.84640625)"
07-01-2023 12:40:30.398742,"(6.0, 10.0, 9.58)","(20.0, 24.0, 23.0)","(6.0, 9.8, 9.620000000000001)","(8.0, 9.8, 9.704)","(101.0, 170.0, 147.14285714285714)","(7.5, 11.5, 11.147058823529411)","(1.75, 1.86, 1.84640625)"
07-01-2023 12:40:31.382972,"(6.0, 10.0, 9.58)","(20.0, 24.0, 23.0)","(6.0, 9.8, 9.620000000000001)","(8.0, 9.8, 9.704)","(101.0, 170.0, 147.14285714285714)","(7.5, 11.5, 11.147058823529411)","(1.75, 1.86, 1.84640625)"
07-01-2023 12:40:32.374874,"(6.0, 10.0, 9.58)","(20.0, 24.0, 23.0)","(6.0, 9.8, 9.620000000000001)","(8.0, 9.8, 9.704)","(101.0, 170.0, 107.77777777777777)","(7.5, 11.5, 11.147058823529411)","(1.75, 1.86, 1.84640625)"
07-01-2023 12:40:33.346775,"(6.0, 10.0, 9.533333333333333)","(20.0, 24.0, 23.0)","(6.0, 9.8, 9.620000000000001)","(8.0, 9.8, 9.704)","(101.0, 170.0, 116.66666666666667)","(7.5, 11.5, 11.147058823529411)","(1.75, 1.86, 1.84640625)"
07-01-2023 12:40:34.349802,"(6.0, 10.0, 9.533333333333333)","(20.0, 24.0, 23.0)","(6.0, 9.8, 9.620000000000001)","(8.0, 9.8, 9.704)","(101.0, 170.0, 116.66666666666667)","(7.5, 11.5, 11.147058823529411)","(1.75, 1.86, 1.84640625)"
07-01-2023 12:40:35.446746,"(6.0, 10.0, 9.533333333333333)","(20.0, 24.0, 23.0)","(6.0, 9.8, 9.5)","(8.0, 9.8, 9.704)","(101.0, 170.0, 116.66666666666667)","(7.5, 11.5, 11.147058823529411)","(1.75, 1.86, 1.84640625)"
07-01-2023 12:40:36.569984,"(6.0, 10.0, 9.533333333333333)","(20.0, 24.0, 23.0)","(6.0, 9.8, 9.5)","(8.0, 9.8, 9.704)","(101.0, 170.0, 116.66666666666667)","(7.5, 11.5, 11.147058823529411)","(1.75, 1.86, 1.84640625)"
07-01-2023 12:40:37.657222,"(6.0, 10.0, 9.533333333333333)","(20.0, 24.0, 23.18181818181818)","(6.0, 9.8, 9.5)","(8.0, 9.8, 9.704)","(101.0, 170.0, 116.66666666666667)","(7.5, 11.5, 11.147058823529411)","(1.75, 1.86, 1.84640625)"
07-01-2023 12:40:38.742544,"(6.0, 10.0, 9.533333333333333)","(20.0, 24.0, 23.18181818181818)","(6.0, 9.8, 9.5)","(8.0, 9.8, 9.704)","(101.0, 170.0, 116.66666666666667)","(7.5, 11.5, 11.147058823529411)","(1.75, 1.86, 1.84640625)"
07-01-2023 12:40:39.733802,"(6.0, 10.0, 9.533333333333333)","(20.0, 24.0, 23.18181818181818)","(6.0, 9.8, 9.5)","(8.0, 9.8, 9.704)","(101.0, 170.0, 116.66666666666667)","(7.5, 11.5, 11.214285714285714)","(1.75, 1.86, 1.84640625)"
07-01-2023 12:40:40.742090,"(6.0, 10.0, 9.533333333333333)","(20.0, 24.0, 23.18181818181818)","(6.0, 9.8, 9.5)","(8.0, 9.8, 9.502857142857144)","(101.0, 170.0, 116.66666666666667)","(7.5, 11.5, 11.214285714285714)","(1.75, 1.86, 1.84640625)"
07-01-2023 12:40:41.793668,"(6.0, 10.0, 9.533333333333333)","(20.0, 24.0, 23.18181818181818)","(6.0, 9.8, 9.5)","(8.0, 9.8, 9.502857142857144)","(101.0, 170.0, 116.66666666666667)","(7.5, 11.5, 11.214285714285714)","(1.75, 1.86, 1.84640625)"
07-01-2023 12:40:42.793799,"(6.0, 10.0, 9.533333333333333)","(20.0, 24.0, 23.18181818181818)","(6.0, 9.8, 9.5)","(8.0, 9.8, 9.502857142857144)","(101.0, 170.0, 116.66666666666667)","(7.5, 11.5, 11.214285714285714)","(1.75, 1.86, 1.84640625)"
07-01-2023 12:40:43.768971,"(6.0, 10.0, 9.533333333333333)","(20.0, 24.0, 23.18181818181818)","(6.0, 9.8, 9.5)","(8.0, 9.8, 9.502857142857144)","(101.0, 170.0, 116.66666666666667)","(7.5, 11.5, 11.214285714285714)","(1.75, 1.86, 1.84640625)"
07-01-2023 12:40:44.754710,"(6.0, 10.0, 9.533333333333333)","(20.0, 24.0, 23.18181818181818)","(6.0, 9.8, 9.5)","(8.0, 9.8, 9.502857142857144)","(101.0, 170.0, 116.66666666666667)","(7.5, 11.5, 11.214285714285714)","(1.75, 1.86, 1.84640625)"
07-01-2023 12:40:45.742052,"(6.0, 10.0, 9.533333333333333)","(20.0, 24.0, 23.18181818181818)","(6.0, 9.8, 9.5)","(8.0, 9.8, 9.502857142857144)","(101.0, 170.0, 116.66666666666667)","(7.5, 11.5, 11.214285714285714)","(1.75, 1.86, 1.84640625)"
07-01-2023 12:40:46.765585,"(6.0, 10.0, 9.533333333333333)","(20.0, 24.0, 23.18181818181818)","(6.0, 9.8, 9.5)","(8.0, 9.8, 9.502857142857144)","(101.0, 170.0, 116.66666666666667)","(7.5, 11.5, 11.214285714285714)","(1.75, 1.86, 1.84640625)"
07-01-2023 12:40:47.873710,"(6.0, 10.0, 9.533333333333333)","(20.0, 24.0, 23.18181818181818)","(6.0, 9.8, 9.5)","(8.0, 9.8, 9.502857142857144)","(101.0, 170.0, 107.77777777777777)","(7.5, 11.5, 11.214285714285714)","(1.75, 1.86, 1.84640625)"
07-01-2023 12:40:48.905563,"(6.0, 10.0, 9.533333333333333)","(20.0, 24.0, 23.18181818181818)","(6.0, 9.8, 9.5)","(8.0, 9.8, 9.502857142857144)","(101.0, 170.0, 107.77777777777777)","(7.5, 11.5, 11.214285714285714)","(1.75, 1.86, 1.84640625)"
07-01-2023 12:40:49.837859,"(6.0, 10.0, 9.533333333333333)","(20.0, 24.0, 23.18181818181818)","(6.0, 9.8, 9.5)","(8.0, 9.8, 9.502857142857144)","(101.0, 170.0, 107.77777777777777)","(7.5, 11.5, 11.214285714285714)","(1.75, 1.86, 1.84640625)"
07-01-2023 12:40:50.876011,"(6.0, 10.0, 9.533333333333333)","(20.0, 24.0, 23.18181818181818)","(6.0, 9.8, 9.5)","(8.0, 9.8, 9.502857142857144)","(101.0, 170.0, 107.77777777777777)","(7.5, 11.5, 11.214285714285714)","(1.75, 1.86, 1.84640625)"
07-01-2023 12:40:52.012013,"(6.0, 10.0, 9.533333333333333)","(20.0, 24.0, 23.18181818181818)","(6.0, 9.8, 9.5)","(8.0, 9.8, 9.502857142857144)","(101.0, 170.0, 107.77777777777777)","(7.5, 11.5, 11.264705882352942)","(1.75, 1.86, 1.838139534883721)"
07-01-2023 12:40:53.119466,"(6.0, 10.0, 9.533333333333333)","(20.0, 24.0, 23.18181818181818)","(6.0, 9.8, 9.5)","(8.0, 9.8, 9.502857142857144)","(101.0, 170.0, 107.77777777777777)","(7.5, 11.5, 11.264705882352942)","(1.75, 1.84, 1.838139534883721)"
07-01-2023 12:40:54.176564,"(6.0, 10.0, 9.533333333333333)","(20.0, 24.0, 23.18181818181818)","(6.0, 9.8, 9.5)","(8.0, 9.8, 9.502857142857144)","(101.0, 170.0, 107.77777777777777)","(7.5, 11.5, 11.264705882352942)","(1.75, 1.84, 1.838139534883721)"
07-01-2023 12:40:55.122134,"(6.0, 10.0, 9.533333333333333)","(20.0, 24.0, 23.18181818181818)","(6.0, 9.8, 9.145454545454546)","(8.0, 9.8, 9.502857142857144)","(101.0, 170.0, 107.77777777777777)","(7.5, 11.5, 11.346153846153847)","(1.75, 1.84, 1.838139534883721)"
07-01-2023 12:40:56.126238,"(6.0, 10.0, 9.533333333333333)","(20.0, 24.0, 23.18181818181818)","(6.0, 9.8, 9.145454545454546)","(8.0, 9.8, 9.502857142857144)","(101.0, 170.0, 107.77777777777777)","(7.5, 11.5, 11.346153846153847)","(1.75, 1.84, 1.838139534883721)"
07-01-2023 12:40:57.160549,"(6.0, 10.0, 9.533333333333333)","(20.0, 24.0, 23.28)","(6.0, 9.8, 9.145454545454546)","(8.0, 9.8, 9.502857142857144)","(101.0, 170.0, 107.77777777777777)","(7.5, 11.5, 11.346153846153847)","(1.75, 1.84, 1.838139534883721)"
07-01-2023 12:40:58.226926,"(6.0, 10.0, 9.533333333333333)","(20.0, 24.0, 23.28)","(6.0, 9.8, 9.145454545454546)","(8.0, 9.8, 9.502857142857144)","(101.0, 170.0, 107.77777777777777)","(7.5, 11.5, 11.346153846153847)","(1.75, 1.84, 1.838139534883721)"
07-01-2023 12:40:59.204612,"(6.0, 10.0, 9.533333333333333)","(20.0, 24.0, 23.28)","(6.0, 9.8, 9.145454545454546)","(8.0, 9.8, 9.502857142857144)","(101.0, 170.0, 107.77777777777777)","(7.5, 11.5, 11.346153846153847)","(1.75, 1.85, 1.838139534883721)"
07-01-2023 12:41:00.178562,"(6.0, 10.0, 9.533333333333333)","(20.0, 24.0, 23.18181818181818)","(6.0, 9.8, 9.2375)","(8.0, 9.8, 9.502857142857144)","(101.0, 170.0, 107.77777777777777)","(7.5, 11.5, 11.346153846153847)","(1.75, 1.85, 1.838139534883721)"
07-01-2023 12:41:01.242412,"(6.0, 10.0, 9.533333333333333)","(20.0, 24.0, 23.18181818181818)","(6.0, 9.8, 9.2375)","(8.0, 9.8, 9.502857142857144)","(101.0, 170.0, 107.77777777777777)","(7.5, 11.5, 11.25)","(1.75, 1.85, 1.838139534883721)"
07-01-2023 12:41:02.369640,"(6.0, 10.0, 9.533333333333333)","(20.0, 24.0, 23.18181818181818)","(6.0, 9.8, 9.2375)","(8.0, 9.8, 9.502857142857144)","(101.0, 170.0, 107.77777777777777)","(7.5, 11.5, 11.25)","(1.75, 1.85, 1.838139534883721)"
07-01-2023 12:41:03.537101,"(6.0, 10.0, 9.533333333333333)","(20.0, 24.0, 23.18181818181818)","(6.0, 9.8, 9.2375)","(8.0, 9.8, 9.502857142857144)","(101.0, 170.0, 107.77777777777777)","(7.5, 11.5, 11.25)","(1.75, 1.85, 1.838139534883721)"
07-01-2023 12:41:04.679743,"(6.0, 10.0, 9.533333333333333)","(20.0, 24.0, 23.18181818181818)","(6.0, 9.8, 9.2375)","(8.0, 9.8, 9.502857142857144)","(101.0, 170.0, 107.77777777777777)","(7.5, 11.5, 11.25)","(1.75, 1.85, 1.838139534883721)"
07-01-2023 12:41:05.661029,"(6.0, 10.0, 9.533333333333333)","(20.0, 24.0, 23.18181818181818)","(6.0, 9.8, 9.2375)","(8.0, 9.8, 9.502857142857144)","(101.0, 170.0, 107.77777777777777)","(7.5, 11.5, 11.25)","(1.75, 1.85, 1.838139534883721)"
07-01-2023 12:41:06.658434,"(6.0, 10.0, 9.533333333333333)","(20.0, 24.0, 23.18181818181818)","(6.0, 9.8, 9.350000000000001)","(8.0, 9.8, 9.502857142857144)","(101.0, 170.0, 107.77777777777777)","(7.5, 11.5, 11.25)","(1.75, 1.85, 1.8446153846153848)"
07-01-2023 12:41:07.672180,"(6.0, 10.0, 9.533333333333333)","(20.0, 24.0, 23.18181818181818)","(6.0, 9.8, 9.350000000000001)","(8.0, 9.8, 9.502857142857144)","(101.0, 170.0, 107.77777777777777)","(7.5, 11.5, 11.25)","(1.75, 1.85, 1.8446153846153848)"
07-01-2023 12:41:08.696104,"(6.0, 10.0, 9.533333333333333)","(20.0, 24.0, 23.18181818181818)","(6.0, 9.8, 9.350000000000001)","(8.0, 9.8, 9.502857142857144)","(101.0, 170.0, 107.77777777777777)","(7.5, 11.5, 13.6875)","(1.75, 1.85, 1.8466666666666667)"
07-01-2023 12:41:09.720524,"(6.0, 10.0, 9.844444444444445)","(20.0, 24.0, 23.18181818181818)","(6.0, 9.8, 9.350000000000001)","(8.0, 9.8, 9.502857142857144)","(101.0, 170.0, 116.66666666666667)","(7.5, 14.0, 13.25)","(1.75, 1.85, 1.8455555555555556)"
07-01-2023 12:41:10.659010,"(6.0, 10.0, 9.844444444444445)","(20.0, 24.0, 23.18181818181818)","(6.0, 9.8, 9.350000000000001)","(8.0, 9.6, 9.5)","(101.0, 170.0, 116.66666666666667)","(7.5, 13.5, 13.214285714285714)","(1.75, 1.85, 1.8455555555555556)"
07-01-2023 12:41:11.623703,"(6.0, 10.0, 9.83529411764706)","(20.0, 24.0, 23.18181818181818)","(6.0, 9.8, 9.350000000000001)","(8.0, 9.8, 9.428571428571429)","(101.0, 170.0, 116.66666666666667)","(7.5, 13.5, 13.214285714285714)","(1.75, 1.85, 1.8455555555555556)"
07-01-2023 12:41:12.678575,"(6.0, 10.0, 9.83529411764706)","(20.0, 24.0, 23.18181818181818)","(6.0, 9.8, 9.350000000000001)","(8.0, 9.8, 9.428571428571429)","(101.0, 170.0, 116.66666666666667)","(7.5, 13.5, 13.214285714285714)","(1.75, 1.85, 1.8455555555555556)"
07-01-2023 12:41:13.739130,"(6.0, 10.0, 9.83529411764706)","(20.0, 24.0, 23.18181818181818)","(6.0, 9.8, 9.350000000000001)","(8.0, 9.8, 9.430769230769231)","(101.0, 170.0, 116.66666666666667)","(7.5, 13.5, 13.3)","(1.75, 1.85, 1.8455555555555556)"
07-01-2023 12:41:14.762783,"(6.0, 10.0, 9.83529411764706)","(20.0, 24.0, 23.18181818181818)","(6.0, 9.8, 9.350000000000001)","(8.0, 9.8, 9.430769230769231)","(101.0, 170.0, 116.66666666666667)","(7.5, 13.5, 13.3)","(1.75, 1.85, 1.8455555555555556)"
07-01-2023 12:41:15.673093,"(6.0, 10.0, 9.83529411764706)","(20.0, 24.0, 23.18181818181818)","(6.0, 9.8, 9.350000000000001)","(8.0, 9.8, 9.430769230769231)","(101.0, 170.0, 116.66666666666667)","(7.5, 13.5, 13.3)","(1.75, 1.85, 1.8455555555555556)"
07-01-2023 12:41:16.690106,"(6.0, 10.0, 9.83529411764706)","(20.0, 24.0, 23.18181818181818)","(6.0, 9.8, 9.350000000000001)","(8.0, 9.8, 9.430769230769231)","(101.0, 170.0, 116.66666666666667)","(7.5, 13.5, 13.3)","(1.75, 1.85, 1.8455555555555556)"
07-01-2023 12:41:17.799689,"(6.0, 10.0, 9.83529411764706)","(20.0, 24.0, 23.18181818181818)","(6.0, 9.8, 9.350000000000001)","(8.0, 9.8, 9.430769230769231)","(101.0, 170.0, 116.66666666666667)","(7.5, 13.5, 13.3)","(1.75, 1.85, 1.8455555555555556)"
07-01-2023 12:41:18.879048,"(6.0, 10.0, 9.83529411764706)","(20.0, 24.0, 23.18181818181818)","(6.0, 9.8, 9.350000000000001)","(8.0, 9.8, 9.430769230769231)","(101.0, 170.0, 116.66666666666667)","(7.5, 13.5, 13.3)","(1.75, 1.85, 1.8455555555555556)"
07-01-2023 12:41:19.962533,"(6.0, 10.0, 9.83529411764706)","(20.0, 24.0, 23.18181818181818)","(6.0, 9.8, 9.350000000000001)","(8.0, 9.8, 9.430769230769231)","(101.0, 170.0, 116.66666666666667)","(7.5, 13.5, 13.3)","(1.75, 1.85, 1.8455555555555556)"
07-01-2023 12:41:20.954237,"(6.0, 10.0, 9.83529411764706)","(20.0, 24.0, 23.18181818181818)","(6.0, 9.8, 9.350000000000001)","(8.0, 9.8, 9.430769230769231)","(101.0, 170.0, 116.66666666666667)","(7.5, 13.5, 13.3)","(1.75, 1.85, 1.8455555555555556)"
07-01-2023 12:41:21.954782,"(6.0, 10.0, 9.83529411764706)","(20.0, 24.0, 23.18181818181818)","(6.0, 9.6, 9.476923076923077)","(8.0, 9.8, 9.430769230769231)","(101.0, 170.0, 116.66666666666667)","(7.5, 13.5, 13.3)","(1.75, 1.85, 1.8455555555555556)"
07-01-2023 12:41:22.911528,"(6.0, 10.0, 9.83529411764706)","(20.0, 24.0, 23.18181818181818)","(6.0, 9.6, 9.28888888888889)","(8.0, 9.8, 9.430769230769231)","(101.0, 170.0, 116.66666666666667)","(7.5, 13.5, 13.3)","(1.75, 1.85, 1.8455555555555556)"
07-01-2023 12:41:23.976834,"(6.0, 10.0, 9.83529411764706)","(20.0, 24.0, 23.18181818181818)","(6.0, 9.6, 9.28888888888889)","(8.0, 9.8, 9.430769230769231)","(101.0, 170.0, 116.66666666666667)","(7.5, 13.5, 13.3)","(1.75, 1.85, 1.8455555555555556)"
07-01-2023 12:41:24.979728,"(6.0, 10.0, 9.83529411764706)","(20.0, 24.0, 23.18181818181818)","(6.0, 9.6, 9.28888888888889)","(8.0, 9.8, 9.430769230769231)","(101.0, 170.0, 116.66666666666667)","(7.5, 13.5, 13.3)","(1.75, 1.85, 1.8455555555555556)"
07-01-2023 12:41:25.961326,"(6.0, 10.0, 9.83529411764706)","(20.0, 24.0, 23.18181818181818)","(6.0, 9.6, 9.28888888888889)","(8.0, 9.8, 9.430769230769231)","(101.0, 170.0, 116.66666666666667)","(7.5, 13.5, 13.3)","(1.75, 1.85, 1.8455555555555556)"
07-01-2023 12:41:26.949807,"(6.0, 10.0, 9.83529411764706)","(20.0, 24.0, 23.18181818181818)","(6.0, 9.6, 9.28888888888889)","(8.0, 9.8, 9.430769230769231)","(101.0, 170.0, 116.66666666666667)","(7.5, 13.5, 13.3)","(1.75, 1.85, 1.8455555555555556)"
07-01-2023 12:41:27.992563,"(6.0, 10.0, 9.83529411764706)","(20.0, 24.0, 23.18181818181818)","(6.0, 9.6, 9.28888888888889)","(8.0, 9.8, 9.430769230769231)","(101.0, 170.0, 116.66666666666667)","(7.5, 13.5, 13.3)","(1.75, 1.85, 1.8455555555555556)"
07-01-2023 12:41:29.096635,"(6.0, 10.0, 9.83529411764706)","(20.0, 24.0, 23.18181818181818)","(6.0, 9.6, 9.28888888888889)","(8.0, 9.8, 9.430769230769231)","(101.0, 170.0, 116.66666666666667)","(7.5, 13.5, 13.3)","(1.75, 1.85, 1.8416666666666668)"
07-01-2023 12:41:30.191954,"(6.0, 10.0, 9.83529411764706)","(20.0, 24.0, 23.18181818181818)","(6.0, 9.6, 9.28888888888889)","(8.0, 9.8, 9.430769230769231)","(101.0, 170.0, 116.66666666666667)","(7.5, 13.5, 13.3)","(1.75, 1.85, 1.8416666666666668)"
07-01-2023 12:41:31.249909,"(6.0, 10.0, 9.83529411764706)","(20.0, 24.0, 23.18181818181818)","(6.0, 9.6, 9.28888888888889)","(8.0, 9.8, 9.430769230769231)","(101.0, 170.0, 116.66666666666667)","(7.5, 13.5, 13.3)","(1.75, 1.85, 1.8416666666666668)"
07-01-2023 12:41:32.269622,"(6.0, 10.0, 9.83529411764706)","(20.0, 24.0, 23.18181818181818)","(6.0, 9.6, 9.28888888888889)","(8.0, 9.8, 9.430769230769231)","(101.0, 170.0, 116.66666666666667)","(7.5, 13.5, 13.3)","(1.75, 1.85, 1.848)"
07-01-2023 12:41:33.221836,"(6.0, 10.0, 9.83529411764706)","(20.0, 24.0, 23.18181818181818)","(6.0, 9.6, 9.28888888888889)","(8.0, 9.8, 9.430769230769231)","(101.0, 170.0, 116.66666666666667)","(7.5, 13.5, 12.444444444444445)","(1.75, 1.86, 1.855609756097561)"
07-01-2023 12:41:34.228124,"(6.0, 10.0, 9.939130434782609)","(20.0, 23.0, 22.23076923076923)","(6.0, 9.6, 9.417391304347825)","(8.0, 9.8, 9.430769230769231)","(101.0, 170.0, 116.66666666666667)","(7.5, 13.0, 12.444444444444445)","(1.75, 1.86, 1.855609756097561)"
07-01-2023 12:41:35.289226,"(6.0, 12.0, 11.476190476190476)","(20.0, 23.0, 22.103448275862068)","(6.0, 9.6, 9.438461538461539)","(8.0, 9.8, 9.430769230769231)","(101.0, 170.0, 116.66666666666667)","(7.5, 13.0, 12.444444444444445)","(1.75, 1.86, 1.855609756097561)"
07-01-2023 12:41:36.339235,"(6.0, 12.0, 11.541666666666666)","(20.0, 23.0, 22.103448275862068)","(6.0, 9.6, 9.438461538461539)","(8.0, 9.8, 9.430769230769231)","(101.0, 170.0, 116.66666666666667)","(7.5, 13.0, 12.583333333333334)","(1.75, 1.86, 1.8518181818181818)"
07-01-2023 12:41:37.348624,"(6.0, 12.0, 11.78)","(20.0, 23.0, 22.103448275862068)","(6.0, 9.6, 9.438461538461539)","(8.0, 9.8, 9.430769230769231)","(101.0, 170.0, 116.66666666666667)","(7.5, 13.0, 12.583333333333334)","(1.75, 1.86, 1.8518181818181818)"
07-01-2023 12:41:38.267029,"(6.0, 12.0, 11.78)","(20.0, 23.0, 22.103448275862068)","(6.0, 9.6, 9.438461538461539)","(8.0, 9.8, 9.430769230769231)","(101.0, 170.0, 116.66666666666667)","(7.5, 13.0, 12.583333333333334)","(1.75, 1.86, 1.8518181818181818)"
07-01-2023 12:41:39.238516,"(6.0, 12.0, 11.78)","(20.0, 23.0, 22.103448275862068)","(6.0, 9.6, 9.438461538461539)","(8.0, 9.8, 9.430769230769231)","(101.0, 170.0, 116.66666666666667)","(7.5, 13.0, 12.583333333333334)","(1.75, 1.86, 1.8518181818181818)"
07-01-2023 12:41:40.305070,"(6.0, 12.0, 11.78)","(20.0, 23.0, 22.103448275862068)","(6.0, 9.6, 9.438461538461539)","(8.0, 9.8, 9.430769230769231)","(101.0, 170.0, 116.66666666666667)","(7.5, 13.0, 12.583333333333334)","(1.75, 1.86, 1.8518181818181818)"
07-01-2023 12:41:41.305507,"(6.0, 12.0, 11.78)","(20.0, 23.0, 22.103448275862068)","(6.0, 9.6, 9.438461538461539)","(8.0, 9.8, 9.430769230769231)","(101.0, 170.0, 116.66666666666667)","(7.5, 13.0, 12.583333333333334)","(1.75, 1.86, 1.8518181818181818)"
07-01-2023 12:41:42.232024,"(6.0, 12.0, 11.78)","(20.0, 23.0, 22.103448275862068)","(6.0, 9.6, 9.438461538461539)","(8.0, 9.8, 9.430769230769231)","(101.0, 170.0, 116.66666666666667)","(7.5, 13.0, 12.583333333333334)","(1.75, 1.86, 1.8518181818181818)"
07-01-2023 12:41:43.233782,"(6.0, 12.0, 11.78)","(20.0, 23.0, 22.103448275862068)","(6.0, 9.6, 9.438461538461539)","(8.0, 9.8, 9.430769230769231)","(101.0, 170.0, 116.66666666666667)","(7.5, 13.0, 12.583333333333334)","(1.75, 1.86, 1.8518181818181818)"
07-01-2023 12:41:44.298342,"(6.0, 12.0, 11.78)","(20.0, 22.0, 21.941176470588236)","(6.0, 9.6, 9.438461538461539)","(8.0, 9.8, 9.430769230769231)","(101.0, 170.0, 116.66666666666667)","(7.5, 13.0, 12.583333333333334)","(1.75, 1.86, 1.8518181818181818)"
07-01-2023 12:41:45.438264,"(6.0, 12.0, 11.521739130434783)","(20.0, 22.0, 21.941176470588236)","(6.0, 9.6, 9.438461538461539)","(8.0, 9.8, 9.430769230769231)","(101.0, 170.0, 116.66666666666667)","(7.5, 13.0, 12.318181818181818)","(1.75, 1.86, 1.8518181818181818)"
07-01-2023 12:41:46.539916,"(6.0, 12.0, 10.631578947368421)","(20.0, 22.0, 21.941176470588236)","(6.0, 9.6, 9.276923076923076)","(8.0, 9.8, 9.430769230769231)","(101.0, 170.0, 116.66666666666667)","(7.5, 12.5, 11.863636363636363)","(1.75, 1.86, 1.8518181818181818)"
07-01-2023 12:41:47.721265,"(6.0, 11.5, 11.3125)","(20.0, 22.0, 21.941176470588236)","(6.0, 9.6, 9.384615384615383)","(8.0, 9.8, 9.430769230769231)","(101.0, 170.0, 116.66666666666667)","(7.5, 12.0, 11.863636363636363)","(1.75, 1.86, 1.8518181818181818)"
07-01-2023 12:41:48.821589,"(6.0, 11.5, 11.3125)","(20.0, 22.0, 21.941176470588236)","(6.0, 9.6, 9.384615384615383)","(8.0, 9.8, 9.433333333333334)","(101.0, 170.0, 116.66666666666667)","(7.5, 12.0, 11.863636363636363)","(1.75, 1.86, 1.8518181818181818)"
07-01-2023 12:41:49.758849,"(6.5, 11.5, 11.285714285714285)","(20.0, 22.0, 21.941176470588236)","(6.0, 9.6, 9.384615384615383)","(8.0, 9.8, 9.433333333333334)","(101.0, 170.0, 116.66666666666667)","(7.5, 12.0, 11.863636363636363)","(1.75, 1.86, 1.8518181818181818)"
07-01-2023 12:41:50.744805,"(6.5, 11.5, 11.285714285714285)","(20.0, 22.0, 21.941176470588236)","(6.0, 9.6, 9.384615384615383)","(8.0, 9.8, 9.433333333333334)","(101.0, 170.0, 116.66666666666667)","(7.5, 12.0, 10.204081632653061)","(1.75, 1.86, 1.8457142857142859)"
07-01-2023 12:41:51.725411,"(6.5, 12.0, 10.857142857142858)","(20.0, 22.0, 21.941176470588236)","(6.0, 9.6, 9.384615384615383)","(8.0, 9.8, 9.433333333333334)","(101.0, 170.0, 116.66666666666667)","(7.5, 12.0, 10.307692307692308)","(1.75, 1.85, 1.8378571428571429)"
07-01-2023 12:41:52.794970,"(6.5, 12.0, 10.857142857142858)","(20.0, 22.0, 21.941176470588236)","(6.0, 9.6, 9.384615384615383)","(8.0, 9.8, 9.433333333333334)","(101.0, 170.0, 116.66666666666667)","(7.5, 12.0, 10.307692307692308)","(1.75, 1.84, 1.8378571428571429)"
07-01-2023 12:41:53.776717,"(6.5, 12.0, 10.857142857142858)","(20.0, 22.0, 21.941176470588236)","(6.0, 9.6, 9.384615384615383)","(8.0, 9.8, 9.433333333333334)","(101.0, 170.0, 116.66666666666667)","(7.5, 12.0, 10.75)","(1.75, 1.84, 1.8378571428571429)"
07-01-2023 12:41:54.765323,"(6.5, 12.0, 10.857142857142858)","(20.0, 22.0, 21.941176470588236)","(6.0, 9.6, 9.384615384615383)","(8.0, 9.8, 9.433333333333334)","(101.0, 170.0, 116.66666666666667)","(7.5, 11.5, 10.6)","(1.75, 1.84, 1.8378571428571429)"
07-01-2023 12:41:55.709022,"(6.5, 12.0, 10.857142857142858)","(20.0, 22.0, 21.842105263157894)","(6.0, 9.6, 9.384615384615383)","(8.0, 9.8, 9.433333333333334)","(101.0, 170.0, 116.66666666666667)","(7.5, 11.5, 10.6)","(1.75, 1.84, 1.840232558139535)"
07-01-2023 12:41:56.683130,"(6.5, 12.0, 10.8)","(20.0, 22.0, 21.842105263157894)","(6.0, 9.6, 9.384615384615383)","(8.0, 9.8, 9.433333333333334)","(101.0, 170.0, 116.66666666666667)","(7.5, 11.5, 10.6)","(1.75, 1.85, 1.8441935483870968)"
07-01-2023 12:41:57.747959,"(6.5, 12.0, 10.8)","(20.0, 22.0, 21.842105263157894)","(6.0, 9.6, 9.384615384615383)","(8.0, 9.8, 9.411764705882353)","(101.0, 170.0, 116.66666666666667)","(7.5, 11.5, 12.8)","(1.75, 1.85, 1.832)"
07-01-2023 12:41:58.688263,"(6.5, 12.0, 10.76923076923077)","(20.0, 22.0, 21.833333333333332)","(6.0, 9.6, 9.438461538461539)","(8.0, 9.8, 9.411764705882353)","(101.0, 170.0, 116.66666666666667)","(7.5, 13.5, 12.4)","(1.75, 1.85, 1.8226315789473684)"
07-01-2023 12:41:59.746238,"(6.5, 12.0, 10.76923076923077)","(20.0, 22.0, 21.833333333333332)","(6.0, 9.6, 9.438461538461539)","(8.0, 9.8, 9.411764705882353)","(101.0, 170.0, 116.66666666666667)","(7.5, 14.0, 12.4)","(1.75, 1.85, 1.8250000000000002)"
07-01-2023 12:42:00.776237,"(6.5, 12.0, 10.76923076923077)","(20.0, 22.0, 21.833333333333332)","(6.0, 9.6, 9.438461538461539)","(8.0, 9.8, 9.411764705882353)","(101.0, 170.0, 116.66666666666667)","(7.5, 14.0, 12.4)","(1.75, 1.84, 1.82125)"
07-01-2023 12:42:01.878549,"(6.5, 12.0, 10.76923076923077)","(20.0, 22.0, 21.88235294117647)","(6.0, 9.6, 9.438461538461539)","(8.0, 9.8, 9.411764705882353)","(101.0, 170.0, 122.0)","(7.5, 14.0, 12.4)","(1.75, 1.84, 1.820909090909091)"
07-01-2023 12:42:03.008233,"(6.5, 12.0, 10.434782608695652)","(20.0, 22.0, 21.88235294117647)","(6.0, 9.6, 9.438461538461539)","(8.0, 9.8, 9.411764705882353)","(101.0, 170.0, 122.0)","(7.5, 14.0, 12.0)","(1.75, 1.83, 1.820909090909091)"
07-01-2023 12:42:04.161764,"(6.5, 12.0, 10.434782608695652)","(20.0, 22.0, 21.88235294117647)","(6.0, 9.6, 9.438461538461539)","(8.0, 9.8, 9.411764705882353)","(101.0, 170.0, 122.0)","(7.5, 14.0, 12.863636363636363)","(1.75, 1.83, 1.820909090909091)"
07-01-2023 12:42:05.178412,"(6.5, 12.0, 10.909090909090908)","(20.0, 22.0, 21.88235294117647)","(6.0, 9.6, 9.438461538461539)","(8.0, 9.8, 9.411764705882353)","(101.0, 170.0, 122.0)","(7.5, 13.5, 12.863636363636363)","(1.75, 1.83, 1.820909090909091)"
07-01-2023 12:42:06.178044,"(6.5, 12.0, 10.875)","(20.0, 22.0, 21.88235294117647)","(6.0, 9.6, 9.438461538461539)","(8.0, 9.8, 9.411764705882353)","(101.0, 170.0, 122.0)","(7.5, 13.5, 11.576923076923077)","(1.75, 1.83, 1.820909090909091)"
07-01-2023 12:42:07.103376,"(6.5, 12.0, 10.65)","(20.0, 22.0, 21.88235294117647)","(6.0, 9.6, 9.438461538461539)","(8.0, 9.8, 9.411764705882353)","(101.0, 170.0, 122.0)","(7.5, 14.0, 11.576923076923077)","(1.75, 1.83, 1.820909090909091)"
07-01-2023 12:42:08.103063,"(6.5, 12.0, 10.65)","(20.0, 22.0, 21.88235294117647)","(6.0, 9.6, 9.438461538461539)","(8.0, 9.8, 9.411764705882353)","(101.0, 170.0, 122.0)","(7.5, 14.0, 11.789473684210526)","(1.75, 1.83, 1.820909090909091)"
07-01-2023 12:42:09.125557,"(6.5, 12.0, 10.65)","(20.0, 22.0, 21.88235294117647)","(6.0, 9.4, 9.281481481481482)","(8.0, 9.8, 9.411764705882353)","(101.0, 170.0, 122.0)","(7.5, 14.0, 11.375)","(1.75, 1.83, 1.820909090909091)"
07-01-2023 12:42:10.143080,"(6.5, 12.0, 10.65)","(20.0, 22.0, 21.833333333333332)","(6.0, 9.4, 9.237037037037037)","(8.0, 9.8, 9.411764705882353)","(101.0, 170.0, 122.0)","(7.5, 14.0, 11.375)","(1.75, 1.83, 1.820909090909091)"
07-01-2023 12:42:11.159407,"(6.5, 12.0, 10.65)","(20.0, 22.0, 21.833333333333332)","(6.0, 9.4, 9.237037037037037)","(8.0, 9.8, 9.411764705882353)","(101.0, 170.0, 122.0)","(7.5, 14.0, 11.375)","(1.75, 1.83, 1.820909090909091)"
07-01-2023 12:42:12.105745,"(6.5, 12.0, 10.65)","(20.0, 22.0, 21.833333333333332)","(6.0, 9.4, 9.237037037037037)","(8.0, 9.8, 9.411764705882353)","(101.0, 170.0, 122.0)","(7.5, 14.0, 11.433333333333334)","(1.75, 1.83, 1.816923076923077)"
07-01-2023 12:42:13.059616,"(6.5, 12.0, 11.478947368421053)","(20.0, 22.0, 21.833333333333332)","(6.0, 9.4, 9.237037037037037)","(8.0, 9.8, 9.411764705882353)","(101.0, 170.0, 122.0)","(7.5, 14.0, 11.433333333333334)","(1.75, 1.84, 1.8144444444444445)"
07-01-2023 12:42:14.133871,"(6.5, 12.0, 11.23846153846154)","(20.0, 22.0, 21.833333333333332)","(6.0, 9.4, 9.266666666666667)","(8.0, 9.8, 9.411764705882353)","(101.0, 170.0, 120.9090909090909)","(7.5, 14.0, 11.375)","(1.75, 1.83, 1.8144444444444445)"
07-01-2023 12:42:15.173993,"(6.5, 12.0, 10.272727272727273)","(20.0, 22.0, 21.833333333333332)","(6.0, 9.4, 9.266666666666667)","(8.0, 9.8, 9.411764705882353)","(101.0, 170.0, 120.9090909090909)","(7.5, 14.0, 11.375)","(1.75, 1.83, 1.8146153846153847)"
07-01-2023 12:42:16.263019,"(6.5, 12.0, 10.272727272727273)","(20.0, 22.0, 21.833333333333332)","(6.0, 9.4, 9.36923076923077)","(8.0, 9.8, 9.411764705882353)","(101.0, 170.0, 120.9090909090909)","(7.5, 14.0, 12.09090909090909)","(1.75, 1.83, 1.8146153846153847)"
07-01-2023 12:42:17.302858,"(6.5, 12.0, 10.272727272727273)","(20.0, 22.0, 21.833333333333332)","(6.0, 9.6, 9.36923076923077)","(8.0, 9.8, 9.411764705882353)","(101.0, 170.0, 124.28571428571429)","(7.5, 14.0, 12.375)","(1.75, 1.83, 1.8146153846153847)"
07-01-2023 12:42:18.313769,"(6.5, 11.5, 10.5)","(20.0, 22.0, 21.833333333333332)","(6.0, 9.6, 9.32)","(8.0, 9.8, 9.411764705882353)","(101.0, 160.0, 124.28571428571429)","(7.5, 13.5, 12.375)","(1.75, 1.83, 1.8146153846153847)"
07-01-2023 12:42:19.330141,"(6.5, 11.5, 10.5)","(20.0, 22.0, 21.833333333333332)","(6.0, 9.6, 9.32)","(8.0, 9.8, 9.411764705882353)","(101.0, 160.0, 124.28571428571429)","(7.5, 13.5, 12.375)","(1.75, 1.83, 1.8146153846153847)"
07-01-2023 12:42:20.416625,"(6.5, 11.5, 10.5)","(20.0, 22.0, 21.833333333333332)","(6.0, 9.6, 9.32)","(8.0, 9.8, 9.411764705882353)","(101.0, 160.0, 124.28571428571429)","(7.5, 13.5, 12.375)","(1.75, 1.83, 1.8178787878787879)"
07-01-2023 12:42:21.464544,"(6.5, 11.5, 10.5)","(20.0, 22.0, 21.833333333333332)","(6.0, 9.6, 9.32)","(8.0, 9.8, 9.411764705882353)","(101.0, 160.0, 124.28571428571429)","(7.5, 13.5, 12.833333333333332)","(1.75, 1.83, 1.8254545454545454)"
07-01-2023 12:42:22.531749,"(6.5, 11.5, 10.5)","(20.0, 22.0, 21.833333333333332)","(6.0, 9.6, 9.08148148148148)","(8.0, 9.8, 9.411764705882353)","(101.0, 160.0, 124.28571428571429)","(7.5, 13.5, 12.833333333333332)","(1.75, 1.83, 1.8254545454545454)"
07-01-2023 12:42:23.529649,"(6.5, 11.5, 10.5)","(20.0, 23.0, 22.666666666666668)","(6.0, 9.6, 9.08148148148148)","(8.0, 9.8, 9.411764705882353)","(101.0, 160.0, 124.28571428571429)","(7.5, 13.5, 12.833333333333332)","(1.75, 1.83, 1.830909090909091)"
07-01-2023 12:42:24.505916,"(6.5, 11.0, 10.692307692307692)","(20.0, 23.0, 22.363636363636363)","(6.0, 9.6, 9.08148148148148)","(8.0, 9.8, 9.411764705882353)","(101.0, 160.0, 124.28571428571429)","(7.5, 13.5, 12.458333333333334)","(1.75, 1.84, 1.830212765957447)"
07-01-2023 12:42:25.498427,"(6.5, 11.0, 10.692307692307692)","(20.0, 23.0, 22.363636363636363)","(6.0, 9.6, 9.08148148148148)","(8.0, 9.8, 9.411764705882353)","(101.0, 160.0, 124.28571428571429)","(7.5, 13.5, 12.458333333333334)","(1.75, 1.84, 1.830212765957447)"
07-01-2023 12:42:26.508862,"(6.5, 11.0, 10.314285714285715)","(20.0, 23.0, 22.363636363636363)","(6.0, 9.6, 9.08148148148148)","(8.0, 9.8, 9.411764705882353)","(101.0, 160.0, 124.28571428571429)","(7.5, 13.5, 12.458333333333334)","(1.75, 1.84, 1.8231168831168831)"
07-01-2023 12:42:27.579414,"(6.5, 11.0, 10.314285714285715)","(20.0, 23.0, 22.363636363636363)","(6.0, 9.6, 8.9)","(8.0, 9.8, 9.411764705882353)","(101.0, 160.0, 124.28571428571429)","(7.5, 13.5, 12.458333333333334)","(1.75, 1.84, 1.8231168831168831)"
07-01-2023 12:42:28.672352,"(6.5, 11.0, 10.314285714285715)","(20.0, 23.0, 22.363636363636363)","(6.0, 9.6, 8.9)","(8.0, 9.8, 9.411764705882353)","(101.0, 160.0, 124.28571428571429)","(7.5, 13.5, 12.555555555555555)","(1.75, 1.84, 1.8231168831168831)"
07-01-2023 12:42:29.710725,"(6.5, 11.0, 10.314285714285715)","(20.0, 23.0, 22.428571428571427)","(6.0, 9.6, 8.9)","(8.0, 9.8, 9.411764705882353)","(101.0, 160.0, 124.28571428571429)","(7.5, 13.0, 12.166666666666666)","(1.75, 1.84, 1.8231168831168831)"
07-01-2023 12:42:30.635053,"(6.5, 10.5, 9.961538461538462)","(20.0, 23.0, 22.428571428571427)","(6.0, 9.6, 8.872727272727273)","(8.0, 9.8, 9.411764705882353)","(101.0, 160.0, 124.28571428571429)","(7.5, 13.0, 12.166666666666666)","(1.75, 1.84, 1.8231168831168831)"
07-01-2023 12:42:31.575911,"(6.5, 10.5, 10.1)","(20.0, 23.0, 22.428571428571427)","(6.0, 9.6, 8.872727272727273)","(8.0, 9.8, 9.411764705882353)","(101.0, 160.0, 124.28571428571429)","(7.5, 13.0, 12.166666666666666)","(1.75, 1.84, 1.8231168831168831)"
07-01-2023 12:42:32.640531,"(6.5, 10.5, 10.1)","(20.0, 23.0, 22.428571428571427)","(6.0, 9.6, 8.959999999999999)","(8.0, 9.8, 9.411764705882353)","(101.0, 160.0, 124.28571428571429)","(7.5, 13.0, 12.166666666666666)","(1.75, 1.84, 1.8248979591836736)"
07-01-2023 12:42:33.656045,"(6.5, 10.5, 10.1)","(20.0, 23.0, 22.428571428571427)","(6.0, 9.2, 8.959999999999999)","(8.0, 9.8, 9.411764705882353)","(101.0, 160.0, 124.28571428571429)","(7.5, 13.0, 12.166666666666666)","(1.75, 1.84, 1.8248979591836736)"
07-01-2023 12:42:34.697822,"(6.5, 10.5, 10.325)","(20.0, 23.0, 22.428571428571427)","(6.0, 9.0, 8.784615384615384)","(8.0, 9.8, 9.411764705882353)","(101.0, 160.0, 124.28571428571429)","(7.5, 13.0, 12.166666666666666)","(1.75, 1.84, 1.8248979591836736)"
07-01-2023 12:42:35.675826,"(6.5, 11.0, 10.557894736842105)","(20.0, 23.0, 22.428571428571427)","(6.0, 9.0, 8.784615384615384)","(8.0, 9.8, 9.411764705882353)","(101.0, 160.0, 124.28571428571429)","(7.5, 13.0, 12.166666666666666)","(1.75, 1.84, 1.8248979591836736)"
07-01-2023 12:42:36.666349,"(6.5, 11.0, 10.454545454545455)","(20.0, 23.0, 22.428571428571427)","(6.0, 9.0, 8.784615384615384)","(8.0, 9.8, 9.411764705882353)","(101.0, 160.0, 124.28571428571429)","(7.5, 13.0, 12.166666666666666)","(1.75, 1.84, 1.8248979591836736)"
07-01-2023 12:42:37.680478,"(6.5, 11.0, 10.454545454545455)","(20.0, 23.0, 22.428571428571427)","(6.0, 9.0, 8.784615384615384)","(8.0, 9.8, 9.411764705882353)","(101.0, 160.0, 124.28571428571429)","(7.5, 13.0, 12.166666666666666)","(1.75, 1.84, 1.8248979591836736)"
07-01-2023 12:42:38.738247,"(6.5, 11.0, 10.454545454545455)","(20.0, 23.0, 22.428571428571427)","(6.0, 9.0, 8.784615384615384)","(8.0, 9.8, 9.411764705882353)","(101.0, 160.0, 124.28571428571429)","(7.5, 13.0, 12.166666666666666)","(1.75, 1.84, 1.8248979591836736)"
07-01-2023 12:42:39.748787,"(6.5, 11.0, 10.454545454545455)","(20.0, 23.0, 22.428571428571427)","(6.0, 9.0, 8.784615384615384)","(8.0, 9.8, 9.411764705882353)","(101.0, 160.0, 124.28571428571429)","(7.5, 13.0, 12.166666666666666)","(1.75, 1.84, 1.8248979591836736)"
07-01-2023 12:42:40.721216,"(6.5, 11.0, 10.454545454545455)","(20.0, 23.0, 22.428571428571427)","(6.0, 9.0, 8.784615384615384)","(8.0, 9.8, 9.411764705882353)","(101.0, 160.0, 124.28571428571429)","(7.5, 13.0, 12.166666666666666)","(1.75, 1.84, 1.8325641025641026)"
07-01-2023 12:42:41.739034,"(6.5, 11.0, 10.454545454545455)","(19.0, 23.0, 22.428571428571427)","(6.0, 9.0, 8.784615384615384)","(8.0, 9.8, 9.44)","(101.0, 160.0, 124.28571428571429)","(8.0, 13.0, 12.166666666666666)","(1.75, 1.84, 1.8325641025641026)"
07-01-2023 12:42:42.834042,"(6.5, 11.0, 10.454545454545455)","(19.0, 23.0, 22.428571428571427)","(6.0, 9.0, 8.784615384615384)","(8.0, 9.6, 9.36)","(101.0, 160.0, 124.28571428571429)","(8.0, 13.0, 12.166666666666666)","(1.75, 1.84, 1.8395454545454546)"
07-01-2023 12:42:43.908758,"(6.5, 11.0, 10.454545454545455)","(19.0, 23.0, 22.428571428571427)","(6.0, 8.8, 8.719999999999999)","(8.0, 9.6, 9.36)","(101.0, 160.0, 124.28571428571429)","(8.0, 13.0, 12.166666666666666)","(1.75, 1.85, 1.8402439024390245)"
07-01-2023 12:42:44.976012,"(6.5, 11.0, 10.454545454545455)","(19.0, 23.0, 22.428571428571427)","(6.0, 9.0, 8.719999999999999)","(8.0, 9.6, 9.36)","(101.0, 160.0, 124.28571428571429)","(8.0, 13.0, 12.166666666666666)","(1.75, 1.85, 1.8402439024390245)"
07-01-2023 12:42:46.025781,"(6.5, 11.0, 10.454545454545455)","(19.0, 23.0, 22.428571428571427)","(6.0, 9.0, 8.685714285714285)","(8.0, 9.6, 9.36)","(101.0, 160.0, 124.28571428571429)","(8.0, 13.0, 12.166666666666666)","(1.75, 1.85, 1.8402439024390245)"
07-01-2023 12:42:47.101637,"(6.5, 11.0, 10.454545454545455)","(19.0, 23.0, 22.428571428571427)","(6.0, 9.0, 8.685714285714285)","(8.0, 9.6, 9.36)","(101.0, 160.0, 124.28571428571429)","(8.0, 13.0, 12.166666666666666)","(1.75, 1.85, 1.8402439024390245)"
07-01-2023 12:42:48.078250,"(6.5, 11.0, 10.454545454545455)","(19.0, 23.0, 22.428571428571427)","(6.0, 9.0, 8.685714285714285)","(8.0, 9.6, 9.333333333333332)","(101.0, 160.0, 124.28571428571429)","(8.0, 13.0, 12.166666666666666)","(1.75, 1.85, 1.8402439024390245)"
07-01-2023 12:42:49.044508,"(6.5, 11.0, 10.454545454545455)","(19.0, 23.0, 22.428571428571427)","(6.0, 9.0, 8.685714285714285)","(8.0, 9.6, 9.333333333333332)","(101.0, 160.0, 124.28571428571429)","(8.0, 13.0, 12.166666666666666)","(1.75, 1.85, 1.8402439024390245)"
07-01-2023 12:42:50.001841,"(6.5, 11.0, 10.454545454545455)","(19.0, 23.0, 22.428571428571427)","(6.0, 8.8, 8.65)","(8.0, 9.6, 9.36)","(101.0, 160.0, 130.0)","(8.0, 13.0, 12.166666666666666)","(1.75, 1.85, 1.844)"
07-01-2023 12:42:50.972178,"(6.5, 11.0, 10.454545454545455)","(19.0, 23.0, 22.428571428571427)","(6.0, 8.8, 8.65)","(8.0, 9.6, 9.36)","(101.0, 160.0, 130.0)","(8.0, 13.0, 12.166666666666666)","(1.75, 1.86, 1.8431250000000001)"
07-01-2023 12:42:51.965264,"(6.5, 11.0, 10.454545454545455)","(19.0, 23.0, 22.428571428571427)","(6.0, 8.8, 8.65)","(8.0, 9.6, 9.36)","(101.0, 160.0, 130.0)","(8.0, 13.0, 12.166666666666666)","(1.75, 1.86, 1.8431250000000001)"
07-01-2023 12:42:52.951622,"(6.5, 11.0, 10.454545454545455)","(19.0, 23.0, 22.428571428571427)","(6.0, 8.8, 8.65)","(8.0, 9.6, 9.36)","(101.0, 160.0, 130.0)","(8.0, 13.0, 12.166666666666666)","(1.75, 1.86, 1.8431250000000001)"
07-01-2023 12:42:53.954956,"(6.5, 11.0, 10.454545454545455)","(19.0, 23.0, 22.428571428571427)","(6.0, 8.8, 8.65)","(8.0, 9.6, 9.309090909090909)","(101.0, 160.0, 130.0)","(8.0, 13.0, 12.166666666666666)","(1.75, 1.86, 1.8431250000000001)"
07-01-2023 12:42:54.920111,"(6.5, 11.0, 10.454545454545455)","(19.0, 23.0, 22.428571428571427)","(6.0, 8.8, 8.600000000000001)","(8.0, 9.6, 9.309090909090909)","(101.0, 160.0, 130.0)","(8.0, 13.0, 12.166666666666666)","(1.75, 1.86, 1.8431250000000001)"
07-01-2023 12:42:55.931829,"(6.5, 11.0, 10.454545454545455)","(19.0, 23.0, 22.428571428571427)","(6.0, 8.8, 8.379999999999999)","(8.0, 9.6, 9.309090909090909)","(101.0, 160.0, 130.0)","(8.0, 13.0, 12.166666666666666)","(1.75, 1.86, 1.8431250000000001)"
07-01-2023 12:42:56.934263,"(6.5, 11.0, 10.454545454545455)","(19.0, 23.0, 22.428571428571427)","(6.0, 8.8, 8.328571428571427)","(8.0, 9.6, 9.309090909090909)","(101.0, 160.0, 130.0)","(8.0, 13.0, 12.166666666666666)","(1.75, 1.86, 1.8431250000000001)"
07-01-2023 12:42:57.937412,"(6.5, 11.0, 10.485714285714286)","(19.0, 25.0, 22.5)","(6.0, 8.8, 8.328571428571427)","(8.0, 9.6, 9.309090909090909)","(101.0, 160.0, 130.0)","(8.0, 13.0, 12.272727272727273)","(1.75, 1.85, 1.831)"
07-01-2023 12:42:58.968267,"(6.5, 11.0, 10.485714285714286)","(19.0, 25.0, 22.866666666666667)","(6.0, 8.8, 8.328571428571427)","(8.0, 9.6, 9.309090909090909)","(101.0, 160.0, 130.0)","(8.0, 13.0, 12.272727272727273)","(1.75, 1.85, 1.830215053763441)"
07-01-2023 12:42:59.972778,"(6.5, 11.0, 10.485714285714286)","(19.0, 25.0, 22.866666666666667)","(6.0, 8.8, 8.328571428571427)","(8.0, 9.6, 9.296)","(101.0, 160.0, 130.0)","(8.0, 13.0, 12.0)","(1.75, 1.87, 1.849268292682927)"
07-01-2023 12:43:01.049386,"(6.5, 11.0, 10.485714285714286)","(19.0, 25.0, 22.866666666666667)","(6.0, 8.8, 8.328571428571427)","(8.0, 9.6, 9.296)","(101.0, 160.0, 130.0)","(8.0, 13.0, 12.0)","(1.75, 1.86, 1.849268292682927)"
07-01-2023 12:43:02.073840,"(6.5, 11.0, 10.485714285714286)","(19.0, 25.0, 22.866666666666667)","(6.0, 8.8, 8.328571428571427)","(8.0, 9.6, 9.296)","(101.0, 160.0, 130.0)","(8.0, 13.0, 12.0)","(1.75, 1.86, 1.8411428571428572)"
07-01-2023 12:43:03.161918,"(6.5, 11.0, 10.25)","(19.0, 24.0, 23.1)","(6.0, 8.8, 8.328571428571427)","(8.0, 9.6, 9.296)","(101.0, 160.0, 130.0)","(8.0, 13.0, 12.0)","(1.75, 1.86, 1.8411428571428572)"
07-01-2023 12:43:04.155584,"(6.5, 11.0, 10.25)","(19.0, 24.0, 23.1)","(6.0, 8.8, 8.328571428571427)","(8.0, 9.6, 9.296)","(101.0, 160.0, 130.0)","(8.0, 13.0, 10.852941176470589)","(1.75, 1.86, 1.8497297297297297)"
07-01-2023 12:43:05.141771,"(6.5, 11.0, 10.25)","(19.0, 23.0, 21.636363636363637)","(6.0, 8.8, 8.328571428571427)","(8.0, 9.6, 9.309090909090909)","(101.0, 160.0, 130.0)","(8.0, 12.5, 11.026315789473685)","(1.75, 1.86, 1.8497297297297297)"
07-01-2023 12:43:06.153498,"(6.5, 11.0, 10.25)","(19.0, 23.0, 21.636363636363637)","(6.0, 8.8, 8.328571428571427)","(8.0, 9.6, 9.309090909090909)","(101.0, 160.0, 130.0)","(8.0, 12.5, 11.14516129032258)","(1.75, 1.86, 1.8497297297297297)"
07-01-2023 12:43:07.125974,"(6.5, 11.0, 10.25)","(19.0, 23.0, 21.636363636363637)","(6.0, 8.8, 8.328571428571427)","(8.0, 9.6, 9.309090909090909)","(101.0, 160.0, 130.0)","(8.0, 12.5, 11.14516129032258)","(1.75, 1.86, 1.8497297297297297)"
07-01-2023 12:43:08.153807,"(6.5, 11.0, 10.25)","(19.0, 23.0, 21.636363636363637)","(6.0, 8.8, 8.328571428571427)","(8.0, 9.6, 9.309090909090909)","(101.0, 160.0, 130.0)","(8.0, 12.5, 11.14516129032258)","(1.75, 1.86, 1.8490000000000002)"
07-01-2023 12:43:09.126612,"(6.5, 11.0, 10.25)","(19.0, 23.0, 21.636363636363637)","(6.0, 8.8, 8.328571428571427)","(8.0, 9.6, 9.296)","(101.0, 160.0, 130.0)","(8.0, 12.5, 10.852941176470589)","(1.75, 1.86, 1.8497297297297297)"
07-01-2023 12:43:10.134402,"(6.5, 11.0, 10.5)","(19.0, 23.0, 21.636363636363637)","(6.0, 8.8, 8.328571428571427)","(8.0, 9.6, 9.309090909090909)","(101.0, 160.0, 130.0)","(8.0, 12.5, 10.852941176470589)","(1.75, 1.86, 1.8497297297297297)"
07-01-2023 12:43:11.178366,"(6.5, 11.0, 10.5)","(19.0, 23.0, 21.636363636363637)","(6.0, 8.8, 8.328571428571427)","(8.0, 9.6, 9.309090909090909)","(101.0, 160.0, 130.0)","(8.0, 12.5, 10.852941176470589)","(1.75, 1.86, 1.8497297297297297)"
07-01-2023 12:43:12.203807,"(6.5, 11.0, 10.5)","(19.0, 23.0, 21.636363636363637)","(6.0, 8.8, 8.328571428571427)","(8.0, 9.6, 9.309090909090909)","(101.0, 160.0, 130.0)","(8.0, 12.5, 10.852941176470589)","(1.75, 1.86, 1.8497297297297297)"
07-01-2023 12:43:13.218417,"(6.5, 11.0, 10.5)","(19.0, 23.0, 21.636363636363637)","(6.0, 8.8, 8.328571428571427)","(8.0, 9.6, 9.309090909090909)","(101.0, 160.0, 130.0)","(8.0, 12.5, 10.852941176470589)","(1.75, 1.86, 1.8497297297297297)"
07-01-2023 12:43:14.258005,"(6.5, 11.0, 10.5)","(19.0, 23.0, 21.636363636363637)","(6.0, 8.8, 8.328571428571427)","(8.0, 9.6, 9.309090909090909)","(101.0, 160.0, 130.0)","(8.0, 12.5, 10.852941176470589)","(1.75, 1.86, 1.8497297297297297)"
07-01-2023 12:43:15.278373,"(6.5, 11.0, 10.5)","(19.0, 23.0, 21.53846153846154)","(6.0, 8.8, 8.328571428571427)","(8.0, 9.6, 9.346666666666666)","(101.0, 160.0, 130.0)","(8.0, 12.5, 11.785714285714285)","(1.75, 1.86, 1.8492307692307692)"
07-01-2023 12:43:16.339600,"(6.5, 11.0, 10.5)","(19.0, 23.0, 21.53846153846154)","(6.0, 8.8, 8.328571428571427)","(8.0, 9.6, 9.346666666666666)","(101.0, 160.0, 130.0)","(8.0, 12.0, 11.4)","(1.75, 1.86, 1.8492307692307692)"
07-01-2023 12:43:17.412389,"(6.5, 11.0, 10.5)","(19.0, 23.0, 21.53846153846154)","(6.0, 8.8, 8.328571428571427)","(8.0, 9.6, 9.346666666666666)","(101.0, 160.0, 130.0)","(8.0, 12.0, 11.4)","(1.75, 1.86, 1.8492307692307692)"
07-01-2023 12:43:18.469266,"(6.5, 11.0, 10.5)","(19.0, 23.0, 21.53846153846154)","(6.0, 8.8, 8.328571428571427)","(8.0, 9.6, 9.346666666666666)","(101.0, 160.0, 130.0)","(8.0, 12.0, 11.4)","(1.75, 1.86, 1.8492307692307692)"
07-01-2023 12:43:19.489257,"(6.5, 11.0, 10.5)","(19.0, 23.0, 21.53846153846154)","(6.0, 8.8, 8.328571428571427)","(8.0, 9.6, 9.346666666666666)","(101.0, 160.0, 130.0)","(8.0, 12.0, 11.4)","(1.75, 1.86, 1.8492307692307692)"
07-01-2023 12:43:20.568774,"(6.5, 11.0, 10.5)","(19.0, 23.0, 21.53846153846154)","(6.0, 8.8, 8.328571428571427)","(8.0, 9.6, 9.346666666666666)","(101.0, 160.0, 130.0)","(8.0, 12.0, 11.478260869565217)","(1.75, 1.86, 1.8492307692307692)"
07-01-2023 12:43:21.600195,"(6.5, 11.0, 10.5)","(19.0, 23.0, 21.53846153846154)","(6.0, 8.8, 8.328571428571427)","(8.0, 9.6, 9.346666666666666)","(101.0, 160.0, 130.0)","(8.0, 12.0, 11.478260869565217)","(1.75, 1.86, 1.8492307692307692)"
07-01-2023 12:43:22.679878,"(6.5, 11.0, 10.5)","(19.0, 23.0, 21.53846153846154)","(6.0, 8.8, 8.328571428571427)","(8.0, 9.6, 9.346666666666666)","(101.0, 160.0, 130.0)","(8.0, 12.0, 11.478260869565217)","(1.75, 1.86, 1.8492307692307692)"
07-01-2023 12:43:23.731145,"(6.5, 11.0, 10.5)","(19.0, 23.0, 21.53846153846154)","(6.0, 8.8, 8.328571428571427)","(8.0, 9.6, 9.346666666666666)","(101.0, 160.0, 130.0)","(8.0, 12.0, 11.478260869565217)","(1.75, 1.86, 1.8492307692307692)"
07-01-2023 12:43:24.788230,"(6.5, 11.0, 10.5)","(19.0, 23.0, 21.53846153846154)","(6.0, 8.8, 8.328571428571427)","(8.0, 9.6, 9.346666666666666)","(101.0, 160.0, 130.0)","(8.0, 12.0, 11.478260869565217)","(1.75, 1.86, 1.8492307692307692)"
07-01-2023 12:43:25.846067,"(6.5, 11.0, 10.5)","(19.0, 23.0, 21.53846153846154)","(6.0, 8.8, 8.328571428571427)","(8.0, 9.6, 9.346666666666666)","(101.0, 160.0, 130.0)","(8.0, 12.0, 11.478260869565217)","(1.75, 1.86, 1.8492307692307692)"
07-01-2023 12:43:26.957841,"(6.5, 11.0, 10.5)","(19.0, 23.0, 21.53846153846154)","(6.0, 8.8, 8.328571428571427)","(8.0, 9.6, 9.346666666666666)","(101.0, 160.0, 130.0)","(8.0, 12.0, 11.478260869565217)","(1.75, 1.86, 1.8492307692307692)"
07-01-2023 12:43:28.006123,"(6.5, 11.0, 10.5)","(19.0, 23.0, 21.53846153846154)","(6.0, 8.8, 8.328571428571427)","(8.0, 9.6, 9.346666666666666)","(101.0, 160.0, 130.0)","(8.0, 12.0, 11.478260869565217)","(1.75, 1.86, 1.8492307692307692)"
07-01-2023 12:43:29.114717,"(6.5, 11.0, 10.5)","(19.0, 23.0, 21.53846153846154)","(6.0, 8.8, 8.328571428571427)","(8.0, 9.6, 9.346666666666666)","(101.0, 160.0, 130.0)","(8.0, 12.0, 11.478260869565217)","(1.75, 1.86, 1.8492307692307692)"
07-01-2023 12:43:30.198611,"(6.5, 11.0, 10.5)","(19.0, 23.0, 21.53846153846154)","(6.0, 8.8, 8.328571428571427)","(8.0, 9.6, 9.346666666666666)","(101.0, 160.0, 130.0)","(8.0, 12.0, 10.909090909090908)","(1.75, 1.86, 1.8492307692307692)"
07-01-2023 12:43:31.305051,"(6.5, 11.0, 10.5)","(19.0, 23.0, 21.53846153846154)","(6.0, 8.8, 8.3875)","(8.0, 9.6, 9.346666666666666)","(101.0, 160.0, 130.0)","(8.0, 12.0, 11.272727272727273)","(1.75, 1.86, 1.8492307692307692)"
07-01-2023 12:43:32.362528,"(6.5, 11.0, 10.5)","(19.0, 23.0, 21.53846153846154)","(6.0, 8.8, 8.3875)","(8.0, 9.6, 9.346666666666666)","(101.0, 160.0, 130.0)","(8.0, 12.0, 11.272727272727273)","(1.75, 1.86, 1.8492307692307692)"
07-01-2023 12:43:33.335378,"(6.5, 11.0, 10.5)","(19.0, 23.0, 21.53846153846154)","(6.0, 8.8, 8.3875)","(8.0, 9.6, 9.346666666666666)","(101.0, 160.0, 130.0)","(8.0, 12.0, 11.272727272727273)","(1.75, 1.86, 1.8492307692307692)"
07-01-2023 12:43:34.308388,"(6.5, 11.0, 10.5)","(19.0, 23.0, 21.53846153846154)","(6.0, 8.8, 8.3875)","(8.0, 9.6, 9.346666666666666)","(101.0, 160.0, 130.0)","(8.0, 12.0, 11.272727272727273)","(1.75, 1.86, 1.8492307692307692)"
07-01-2023 12:43:35.312044,"(6.5, 11.0, 10.5)","(19.0, 23.0, 21.53846153846154)","(6.0, 8.8, 8.3875)","(8.0, 9.6, 9.346666666666666)","(101.0, 160.0, 130.0)","(8.0, 12.0, 11.272727272727273)","(1.75, 1.86, 1.8492307692307692)"
07-01-2023 12:43:36.399577,"(6.5, 11.0, 10.5)","(19.0, 23.0, 21.53846153846154)","(6.0, 8.8, 8.3875)","(8.0, 9.6, 9.346666666666666)","(101.0, 160.0, 130.0)","(8.0, 12.0, 11.272727272727273)","(1.75, 1.86, 1.8514285714285714)"
07-01-2023 12:43:37.396814,"(6.5, 11.0, 10.5)","(19.0, 23.0, 21.53846153846154)","(6.0, 8.8, 8.3875)","(8.0, 9.6, 9.346666666666666)","(101.0, 160.0, 130.0)","(8.0, 12.0, 11.272727272727273)","(1.75, 1.86, 1.8514285714285714)"
07-01-2023 12:43:38.414380,"(6.5, 11.0, 10.5)","(19.0, 23.0, 21.53846153846154)","(6.0, 8.8, 8.3875)","(8.0, 9.6, 9.346666666666666)","(101.0, 160.0, 130.0)","(8.0, 12.0, 11.272727272727273)","(1.75, 1.86, 1.8538636363636365)"
07-01-2023 12:43:39.646497,"(6.5, 11.0, 10.5)","(19.0, 23.0, 21.583333333333332)","(6.0, 8.8, 8.541176470588235)","(8.0, 9.6, 9.346666666666666)","(101.0, 160.0, 130.0)","(8.0, 12.0, 11.272727272727273)","(1.75, 1.86, 1.8534065934065935)"
07-01-2023 12:43:40.786157,"(6.5, 11.0, 10.5)","(19.0, 23.0, 21.583333333333332)","(6.0, 8.8, 8.541176470588235)","(8.0, 9.6, 9.346666666666666)","(101.0, 160.0, 130.0)","(8.0, 12.0, 11.272727272727273)","(1.75, 1.86, 1.8482432432432434)"
07-01-2023 12:43:41.933344,"(6.5, 11.0, 10.5)","(19.0, 23.0, 21.583333333333332)","(6.0, 8.8, 8.541176470588235)","(8.0, 9.6, 9.346666666666666)","(101.0, 160.0, 130.0)","(8.0, 12.0, 11.272727272727273)","(1.75, 1.86, 1.8482432432432434)"
07-01-2023 12:43:42.985625,"(6.5, 11.0, 10.5)","(19.0, 23.0, 21.583333333333332)","(6.0, 8.8, 8.541176470588235)","(8.0, 9.6, 9.346666666666666)","(101.0, 160.0, 130.0)","(8.0, 12.0, 11.272727272727273)","(1.75, 1.86, 1.8484137931034483)"
07-01-2023 12:43:44.030828,"(6.5, 11.0, 10.5)","(19.0, 23.0, 21.583333333333332)","(6.0, 8.8, 8.541176470588235)","(8.0, 9.6, 9.346666666666666)","(101.0, 160.0, 130.0)","(8.0, 12.0, 11.272727272727273)","(1.75, 1.86, 1.8484137931034483)"
07-01-2023 12:43:45.063435,"(6.5, 11.0, 10.5)","(19.0, 23.0, 21.583333333333332)","(6.0, 8.8, 8.541176470588235)","(8.0, 9.6, 9.346666666666666)","(101.0, 160.0, 130.0)","(8.0, 12.0, 11.272727272727273)","(1.75, 1.86, 1.8484137931034483)"
07-01-2023 12:43:46.171492,"(6.5, 11.0, 10.5)","(19.0, 23.0, 21.583333333333332)","(6.0, 8.8, 8.541176470588235)","(8.0, 9.6, 9.346666666666666)","(101.0, 160.0, 130.0)","(8.0, 12.0, 11.272727272727273)","(1.75, 1.86, 1.8484137931034483)"
07-01-2023 12:43:47.260549,"(6.5, 11.0, 10.5)","(19.0, 23.0, 21.583333333333332)","(6.0, 8.8, 8.541176470588235)","(8.0, 9.6, 9.346666666666666)","(101.0, 160.0, 130.0)","(8.0, 12.0, 11.333333333333334)","(1.75, 1.86, 1.8484137931034483)"
07-01-2023 12:43:48.355437,"(6.5, 11.0, 10.5)","(19.0, 23.0, 22.272727272727273)","(6.0, 8.8, 8.541176470588235)","(8.0, 9.6, 9.346666666666666)","(101.0, 160.0, 130.0)","(8.0, 12.0, 12.166666666666666)","(1.75, 1.86, 1.8467741935483872)"
07-01-2023 12:43:49.409244,"(6.5, 11.0, 10.5)","(19.0, 23.0, 22.272727272727273)","(6.0, 8.8, 8.541176470588235)","(8.0, 9.6, 9.346666666666666)","(101.0, 160.0, 130.0)","(8.0, 12.5, 12.166666666666666)","(1.75, 1.85, 1.8359139784946237)"
07-01-2023 12:43:50.473325,"(6.5, 11.0, 10.5)","(19.0, 23.0, 22.272727272727273)","(6.0, 8.8, 8.541176470588235)","(8.0, 9.6, 9.346666666666666)","(101.0, 160.0, 130.0)","(8.0, 12.5, 12.166666666666666)","(1.75, 1.84, 1.8359139784946237)"
07-01-2023 12:43:51.486827,"(6.5, 11.0, 10.5)","(19.0, 23.0, 22.272727272727273)","(6.0, 8.8, 8.541176470588235)","(8.0, 9.6, 9.346666666666666)","(101.0, 160.0, 135.0)","(8.0, 12.5, 12.166666666666666)","(1.75, 1.84, 1.8359139784946237)"
07-01-2023 12:43:52.487431,"(6.5, 11.0, 10.5)","(19.0, 23.0, 22.272727272727273)","(6.0, 8.8, 8.541176470588235)","(8.0, 9.6, 9.296)","(101.0, 160.0, 135.0)","(8.0, 12.5, 12.166666666666666)","(1.75, 1.84, 1.8359139784946237)"
07-01-2023 12:43:53.566203,"(6.5, 11.0, 10.5)","(19.0, 23.0, 22.272727272727273)","(6.0, 8.8, 8.541176470588235)","(8.0, 9.6, 9.296)","(101.0, 160.0, 135.0)","(8.0, 12.5, 13.0)","(1.75, 1.84, 1.8359139784946237)"
07-01-2023 12:43:54.523436,"(6.5, 11.0, 10.5)","(19.0, 24.0, 23.076923076923077)","(6.0, 8.8, 8.541176470588235)","(8.0, 9.6, 9.296)","(101.0, 160.0, 122.5)","(8.0, 14.5, 12.285714285714286)","(1.75, 1.83, 1.8273529411764706)"
07-01-2023 12:43:55.570189,"(6.5, 11.0, 10.5)","(19.0, 24.0, 23.076923076923077)","(6.0, 8.8, 8.541176470588235)","(8.0, 9.6, 9.296)","(101.0, 160.0, 122.5)","(8.0, 14.0, 12.285714285714286)","(1.75, 1.83, 1.8273529411764706)"
07-01-2023 12:43:56.677497,"(6.5, 11.0, 10.5)","(19.0, 24.0, 23.076923076923077)","(6.0, 8.8, 8.541176470588235)","(8.0, 9.6, 9.296)","(101.0, 160.0, 122.5)","(8.0, 14.0, 12.166666666666666)","(1.75, 1.83, 1.827906976744186)"
07-01-2023 12:43:57.811467,"(6.5, 11.0, 10.5)","(19.0, 24.0, 23.076923076923077)","(6.0, 8.8, 8.541176470588235)","(8.0, 9.6, 9.296)","(101.0, 160.0, 122.5)","(8.0, 14.0, 11.884615384615385)","(1.75, 1.83, 1.827906976744186)"
07-01-2023 12:43:58.942743,"(6.5, 11.0, 10.5)","(19.0, 24.0, 23.076923076923077)","(6.0, 8.8, 8.541176470588235)","(8.0, 9.6, 9.296)","(101.0, 160.0, 122.5)","(8.0, 14.0, 11.884615384615385)","(1.75, 1.83, 1.827906976744186)"
07-01-2023 12:44:00.000449,"(6.5, 11.0, 10.5)","(19.0, 24.0, 23.076923076923077)","(6.0, 8.8, 8.541176470588235)","(8.0, 9.6, 9.296)","(101.0, 160.0, 122.5)","(8.0, 14.0, 12.307692307692308)","(1.75, 1.83, 1.832952380952381)"
07-01-2023 12:44:00.955495,"(6.5, 11.0, 10.5)","(19.0, 24.0, 23.076923076923077)","(6.0, 8.8, 8.541176470588235)","(8.0, 9.6, 9.296)","(101.0, 160.0, 126.66666666666667)","(8.0, 14.0, 12.307692307692308)","(1.75, 1.84, 1.832952380952381)"
07-01-2023 12:44:02.046051,"(6.5, 11.0, 10.5)","(19.0, 24.0, 23.076923076923077)","(6.0, 8.8, 8.541176470588235)","(8.0, 9.6, 9.296)","(101.0, 160.0, 140.0)","(8.0, 14.0, 12.307692307692308)","(1.75, 1.84, 1.832952380952381)"
07-01-2023 12:44:03.180978,"(6.5, 11.0, 10.5)","(19.0, 24.0, 23.076923076923077)","(6.0, 8.8, 8.541176470588235)","(8.0, 9.6, 9.296)","(101.0, 160.0, 140.0)","(8.0, 14.0, 11.884615384615385)","(1.75, 1.84, 1.834)"
07-01-2023 12:44:04.329651,"(6.5, 11.0, 10.5)","(19.0, 24.0, 23.076923076923077)","(6.0, 8.8, 8.541176470588235)","(8.0, 9.6, 9.296)","(101.0, 160.0, 140.0)","(8.0, 14.0, 11.884615384615385)","(1.75, 1.84, 1.834)"
07-01-2023 12:44:05.383730,"(6.5, 11.0, 10.5)","(19.0, 24.0, 23.076923076923077)","(6.0, 8.8, 8.541176470588235)","(8.0, 9.6, 9.296)","(101.0, 160.0, 140.0)","(8.0, 14.0, 12.833333333333334)","(1.75, 1.84, 1.8338775510204082)"
07-01-2023 12:44:06.414378,"(6.5, 11.0, 10.5)","(19.0, 24.0, 23.11111111111111)","(6.0, 8.8, 8.555555555555555)","(8.0, 9.6, 9.296)","(101.0, 160.0, 140.0)","(8.0, 13.5, 12.071428571428571)","(1.75, 1.84, 1.8338775510204082)"
07-01-2023 12:44:07.486988,"(6.5, 11.0, 10.5)","(18.0, 24.0, 23.5)","(6.0, 8.8, 8.555555555555555)","(7.5, 9.6, 9.296)","(101.0, 160.0, 140.0)","(8.0, 13.5, 12.071428571428571)","(1.75, 1.84, 1.8338775510204082)"
07-01-2023 12:44:08.538788,"(6.5, 11.0, 10.5)","(18.0, 24.0, 23.5)","(6.0, 8.8, 8.555555555555555)","(7.5, 9.6, 9.296)","(101.0, 160.0, 140.0)","(8.0, 13.5, 12.071428571428571)","(1.75, 1.84, 1.8338775510204082)"
07-01-2023 12:44:09.636195,"(6.5, 11.0, 10.5)","(18.0, 24.0, 23.5)","(6.0, 8.8, 8.555555555555555)","(7.5, 9.6, 9.282758620689654)","(101.0, 160.0, 140.0)","(8.0, 13.5, 12.428571428571429)","(1.75, 1.84, 1.828395061728395)"
07-01-2023 12:44:10.846718,"(6.5, 11.0, 10.5)","(18.0, 24.0, 23.5)","(6.0, 8.8, 8.555555555555555)","(7.5, 9.6, 9.282758620689654)","(101.0, 160.0, 140.0)","(8.0, 13.5, 12.428571428571429)","(1.75, 1.83, 1.7908849557522124)"
07-01-2023 12:44:12.039941,"(6.5, 11.0, 10.5)","(18.0, 24.0, 23.142857142857142)","(6.0, 8.8, 8.555555555555555)","(7.5, 9.6, 9.44)","(101.0, 160.0, 140.0)","(8.0, 13.5, 12.071428571428571)","(1.75, 1.8, 1.7965625)"
07-01-2023 12:44:13.125431,"(6.5, 11.0, 10.692307692307692)","(18.0, 25.0, 23.0)","(6.0, 8.8, 8.555555555555555)","(7.5, 9.8, 9.7)","(101.0, 160.0, 140.0)","(8.0, 13.5, 12.071428571428571)","(1.75, 1.8, 1.7965625)"
07-01-2023 12:44:14.355970,"(6.5, 11.0, 10.692307692307692)","(18.0, 25.0, 23.0)","(6.0, 8.8, 8.555555555555555)","(7.5, 9.8, 9.584615384615384)","(101.0, 160.0, 140.0)","(8.0, 13.5, 12.5)","(1.75, 1.8, 1.797608695652174)"
07-01-2023 12:44:15.588555,"(6.5, 11.0, 10.692307692307692)","(18.0, 25.0, 23.0)","(6.0, 8.8, 8.555555555555555)","(7.5, 9.8, 9.584615384615384)","(101.0, 160.0, 140.0)","(8.0, 13.5, 12.5)","(1.75, 1.8, 1.797608695652174)"
07-01-2023 12:44:16.662309,"(6.5, 11.0, 10.692307692307692)","(18.0, 25.0, 23.0)","(6.0, 8.8, 8.555555555555555)","(7.5, 9.8, 9.584615384615384)","(101.0, 160.0, 140.0)","(8.0, 13.5, 12.5)","(1.75, 1.8, 1.797608695652174)"
07-01-2023 12:44:17.705928,"(6.5, 11.0, 10.692307692307692)","(18.0, 25.0, 23.0)","(6.0, 8.8, 8.555555555555555)","(7.5, 9.8, 9.584615384615384)","(101.0, 160.0, 140.0)","(8.0, 13.5, 12.428571428571429)","(1.75, 1.8, 1.797608695652174)"
07-01-2023 12:44:18.864029,"(6.5, 11.0, 10.692307692307692)","(18.0, 25.0, 23.0)","(6.0, 8.8, 8.555555555555555)","(7.5, 9.8, 9.584615384615384)","(101.0, 160.0, 140.0)","(8.0, 13.5, 12.428571428571429)","(1.75, 1.8, 1.797608695652174)"
07-01-2023 12:44:19.971489,"(6.5, 11.0, 10.692307692307692)","(18.0, 25.0, 23.0)","(6.0, 8.8, 8.555555555555555)","(7.5, 9.8, 9.584615384615384)","(101.0, 160.0, 140.0)","(8.0, 13.5, 12.428571428571429)","(1.75, 1.8, 1.797608695652174)"
07-01-2023 12:44:21.024580,"(6.5, 11.0, 10.692307692307692)","(18.0, 25.0, 23.0)","(6.0, 8.8, 8.555555555555555)","(7.5, 9.8, 9.52)","(101.0, 160.0, 140.0)","(8.0, 13.5, 12.25)","(1.75, 1.8, 1.8014754098360657)"
07-01-2023 12:44:22.060833,"(6.5, 11.0, 10.5)","(18.0, 25.0, 23.0)","(6.0, 8.8, 8.555555555555555)","(7.5, 9.8, 9.52)","(101.0, 160.0, 140.0)","(8.0, 13.5, 12.071428571428571)","(1.75, 1.81, 1.80275)"
07-01-2023 12:44:23.141735,"(6.5, 11.0, 10.5)","(18.0, 24.0, 23.5)","(6.0, 8.8, 8.555555555555555)","(7.5, 9.8, 9.52)","(101.0, 160.0, 140.0)","(8.0, 13.5, 12.071428571428571)","(1.75, 1.81, 1.802972972972973)"
07-01-2023 12:44:24.274114,"(6.5, 11.0, 10.5)","(18.0, 24.0, 23.5)","(6.0, 8.8, 8.555555555555555)","(7.5, 9.8, 9.52)","(101.0, 160.0, 140.0)","(8.0, 13.5, 12.071428571428571)","(1.75, 1.81, 1.802972972972973)"
07-01-2023 12:44:25.415460,"(6.5, 11.0, 10.5)","(18.0, 24.0, 23.5)","(6.0, 8.8, 8.555555555555555)","(7.5, 9.8, 9.52)","(101.0, 160.0, 140.0)","(8.0, 13.5, 12.071428571428571)","(1.75, 1.81, 1.802972972972973)"
07-01-2023 12:44:26.441696,"(6.5, 11.0, 10.5)","(18.0, 24.0, 23.5)","(6.0, 8.8, 8.555555555555555)","(7.5, 9.8, 9.52)","(101.0, 160.0, 140.0)","(8.0, 13.5, 12.071428571428571)","(1.75, 1.81, 1.802972972972973)"
07-01-2023 12:44:27.429158,"(6.5, 11.0, 10.5)","(18.0, 24.0, 23.142857142857142)","(6.0, 8.8, 8.555555555555555)","(7.5, 9.8, 9.52)","(101.0, 160.0, 134.0)","(8.0, 13.5, 12.428571428571429)","(1.75, 1.81, 1.802972972972973)"
07-01-2023 12:44:28.488026,"(6.5, 11.0, 10.5)","(18.0, 24.0, 23.142857142857142)","(6.0, 8.8, 8.555555555555555)","(7.5, 9.8, 9.52)","(101.0, 150.0, 134.0)","(8.0, 13.5, 12.428571428571429)","(1.75, 1.81, 1.802972972972973)"
07-01-2023 12:44:29.634254,"(6.5, 11.0, 10.5)","(18.0, 24.0, 23.142857142857142)","(6.0, 8.8, 8.555555555555555)","(7.5, 9.8, 9.52)","(101.0, 150.0, 125.0)","(8.0, 13.5, 12.428571428571429)","(1.75, 1.81, 1.8140425531914894)"
07-01-2023 12:44:30.791092,"(6.5, 11.0, 10.5)","(18.0, 24.0, 23.142857142857142)","(6.0, 8.8, 8.555555555555555)","(7.5, 9.8, 9.52)","(101.0, 150.0, 125.0)","(8.0, 13.5, 12.5)","(1.75, 1.82, 1.8133333333333335)"
07-01-2023 12:44:31.872450,"(6.5, 11.0, 10.5)","(18.0, 24.0, 23.142857142857142)","(6.0, 8.8, 8.555555555555555)","(7.5, 9.8, 9.52)","(101.0, 150.0, 125.0)","(8.0, 13.5, 12.5)","(1.75, 1.82, 1.8173913043478263)"
07-01-2023 12:44:32.847174,"(6.5, 11.0, 10.5)","(18.0, 24.0, 23.142857142857142)","(6.0, 8.8, 8.555555555555555)","(7.5, 9.8, 9.52)","(101.0, 150.0, 125.0)","(8.0, 13.5, 12.5)","(1.75, 1.82, 1.8173913043478263)"
07-01-2023 12:44:33.892691,"(6.5, 11.0, 10.5)","(18.0, 24.0, 23.142857142857142)","(6.0, 8.8, 9.125)","(7.5, 9.8, 9.52)","(101.0, 150.0, 135.0)","(8.0, 13.5, 12.571428571428571)","(1.75, 1.82, 1.8173913043478263)"
07-01-2023 12:44:35.049055,"(6.5, 11.5, 11.429577464788732)","(18.0, 23.0, 21.313725490196077)","(6.0, 9.2, 9.17142857142857)","(7.5, 9.8, 9.52)","(101.0, 150.0, 135.0)","(8.0, 13.0, 12.071428571428571)","(1.75, 1.82, 1.7939189189189189)"
07-01-2023 12:44:36.156511,"(6.5, 11.5, 11.429577464788732)","(18.0, 23.0, 21.130434782608695)","(6.0, 9.4, 9.17142857142857)","(7.5, 9.8, 9.366666666666667)","(101.0, 150.0, 135.0)","(8.0, 13.5, 12.428571428571429)","(1.75, 1.81, 1.793841059602649)"
07-01-2023 12:44:37.152479,"(6.5, 12.0, 11.837837837837839)","(18.0, 23.0, 21.130434782608695)","(6.0, 9.4, 9.17142857142857)","(7.5, 9.4, 9.333333333333332)","(101.0, 150.0, 135.0)","(8.0, 13.5, 12.428571428571429)","(1.75, 1.81, 1.793841059602649)"
07-01-2023 12:44:38.213369,"(6.5, 12.0, 11.785714285714285)","(18.0, 23.0, 21.130434782608695)","(6.0, 9.4, 9.17142857142857)","(7.5, 9.8, 9.333333333333332)","(101.0, 150.0, 135.0)","(8.0, 13.5, 12.428571428571429)","(1.75, 1.81, 1.793841059602649)"
07-01-2023 12:44:39.327511,"(6.5, 12.0, 11.796296296296296)","(18.0, 23.0, 21.130434782608695)","(6.0, 9.4, 9.17142857142857)","(7.5, 9.8, 9.333333333333332)","(101.0, 150.0, 135.0)","(8.0, 13.5, 12.071428571428571)","(1.75, 1.81, 1.793841059602649)"
07-01-2023 12:44:40.568334,"(6.5, 12.0, 11.846153846153847)","(18.0, 23.0, 21.130434782608695)","(6.0, 9.4, 9.17142857142857)","(7.5, 9.8, 9.333333333333332)","(101.0, 150.0, 135.0)","(8.0, 13.5, 12.071428571428571)","(1.75, 1.81, 1.793841059602649)"
07-01-2023 12:44:42.275983,"(6.5, 12.0, 11.846153846153847)","(18.0, 23.0, 21.130434782608695)","(6.0, 9.4, 9.17142857142857)","(8.0, 9.8, 9.333333333333332)","(101.0, 150.0, 135.0)","(8.0, 13.5, 12.071428571428571)","(1.75, 1.81, 1.793841059602649)"
07-01-2023 12:44:43.872822,"(6.5, 12.0, 11.846153846153847)","(18.0, 23.0, 21.285714285714285)","(6.0, 9.4, 9.17142857142857)","(8.0, 9.8, 9.333333333333332)","(101.0, 150.0, 135.0)","(8.0, 13.5, 12.071428571428571)","(1.75, 1.8, 1.7982978723404255)"
07-01-2023 12:44:45.060189,"(6.5, 12.0, 11.846153846153847)","(18.0, 22.0, 21.285714285714285)","(6.0, 9.4, 9.17142857142857)","(8.0, 9.8, 9.333333333333332)","(101.0, 150.0, 135.0)","(8.0, 13.5, 12.428571428571429)","(1.75, 1.8, 1.7978)"
07-01-2023 12:44:46.341745,"(6.5, 12.0, 11.846153846153847)","(18.0, 22.0, 21.285714285714285)","(6.0, 9.4, 9.17142857142857)","(8.0, 9.8, 9.333333333333332)","(101.0, 150.0, 135.0)","(8.0, 13.5, 12.428571428571429)","(1.75, 1.8, 1.7978)"
07-01-2023 12:44:47.706574,"(6.5, 12.0, 11.846153846153847)","(18.0, 22.0, 21.058823529411764)","(6.0, 9.4, 9.17142857142857)","(8.0, 9.8, 9.333333333333332)","(101.0, 150.0, 135.0)","(8.0, 13.5, 12.428571428571429)","(1.75, 1.81, 1.7951315789473685)"
07-01-2023 12:44:48.904363,"(6.5, 12.0, 11.846153846153847)","(18.0, 22.0, 21.285714285714285)","(6.0, 9.4, 9.17142857142857)","(8.0, 9.8, 9.333333333333332)","(101.0, 150.0, 135.0)","(8.0, 13.5, 12.428571428571429)","(1.75, 1.81, 1.7951315789473685)"
07-01-2023 12:44:50.025186,"(6.5, 12.0, 11.846153846153847)","(18.0, 22.0, 21.285714285714285)","(6.0, 9.4, 9.17142857142857)","(8.0, 9.8, 9.333333333333332)","(101.0, 150.0, 135.0)","(8.0, 13.5, 12.071428571428571)","(1.75, 1.81, 1.7992857142857144)"
07-01-2023 12:44:51.317039,"(6.5, 12.0, 11.846153846153847)","(18.0, 22.0, 21.285714285714285)","(6.0, 9.4, 9.17142857142857)","(8.0, 9.8, 9.333333333333332)","(101.0, 150.0, 135.0)","(8.0, 13.5, 12.071428571428571)","(1.75, 1.8, 1.7992857142857144)"
07-01-2023 12:44:52.430873,"(6.5, 12.0, 11.846153846153847)","(18.0, 22.0, 21.285714285714285)","(6.0, 9.4, 9.17142857142857)","(8.0, 9.8, 9.333333333333332)","(101.0, 150.0, 135.0)","(8.0, 13.5, 12.071428571428571)","(1.75, 1.8, 1.7804347826086957)"
07-01-2023 12:44:53.789277,"(6.5, 12.0, 10.977272727272727)","(18.0, 22.0, 21.272727272727273)","(6.0, 9.4, 9.17142857142857)","(8.0, 9.8, 9.333333333333332)","(101.0, 150.0, 135.0)","(8.0, 13.5, 12.071428571428571)","(1.75, 1.79, 1.7804347826086957)"
07-01-2023 12:44:54.931100,"(6.5, 12.0, 11.318181818181818)","(18.0, 22.0, 21.272727272727273)","(6.0, 9.4, 9.17142857142857)","(8.0, 9.8, 9.333333333333332)","(101.0, 150.0, 135.0)","(8.0, 13.5, 12.428571428571429)","(1.75, 1.79, 1.7771428571428571)"
07-01-2023 12:44:56.018375,"(6.5, 12.0, 11.210526315789474)","(18.0, 22.0, 21.2)","(6.0, 9.4, 9.17142857142857)","(8.0, 9.8, 9.333333333333332)","(101.0, 150.0, 135.0)","(8.0, 13.5, 12.428571428571429)","(1.75, 1.79, 1.7814285714285714)"
07-01-2023 12:44:57.116611,"(6.5, 12.0, 11.210526315789474)","(18.0, 22.0, 21.272727272727273)","(6.0, 9.4, 9.17142857142857)","(8.0, 9.8, 9.333333333333332)","(101.0, 150.0, 135.0)","(8.0, 13.5, 12.071428571428571)","(1.75, 1.79, 1.7762068965517241)"
07-01-2023 12:44:58.245411,"(6.5, 12.0, 11.210526315789474)","(18.0, 22.0, 21.058823529411764)","(6.0, 9.4, 9.17142857142857)","(8.0, 9.8, 9.333333333333332)","(101.0, 150.0, 135.0)","(8.0, 13.5, 12.071428571428571)","(1.75, 1.8, 1.7923437500000001)"
07-01-2023 12:44:59.411613,"(6.5, 12.0, 11.210526315789474)","(18.0, 22.0, 20.9)","(6.0, 9.4, 9.17142857142857)","(8.0, 9.8, 9.333333333333332)","(101.0, 150.0, 135.0)","(8.0, 13.5, 12.071428571428571)","(1.75, 1.8, 1.7923437500000001)"
07-01-2023 12:45:00.529917,"(6.5, 12.0, 11.210526315789474)","(18.0, 22.0, 20.9)","(6.0, 9.4, 9.17142857142857)","(8.0, 9.8, 9.333333333333332)","(101.0, 150.0, 135.0)","(8.0, 13.5, 12.428571428571429)","(1.75, 1.8, 1.7875)"
07-01-2023 12:45:01.619380,"(6.5, 12.0, 11.210526315789474)","(18.0, 22.0, 20.9)","(6.0, 9.4, 9.218181818181819)","(8.0, 9.8, 9.333333333333332)","(101.0, 150.0, 135.0)","(8.0, 13.5, 12.428571428571429)","(1.75, 1.79, 1.781111111111111)"
07-01-2023 12:45:02.618858,"(6.5, 11.5, 11.421875)","(18.0, 22.0, 21.058823529411764)","(6.0, 9.4, 9.218181818181819)","(8.0, 9.8, 9.333333333333332)","(101.0, 150.0, 135.0)","(8.0, 13.5, 12.428571428571429)","(1.75, 1.79, 1.7738461538461539)"
07-01-2023 12:45:03.761348,"(6.5, 11.5, 11.421875)","(18.0, 22.0, 21.333333333333332)","(6.0, 9.4, 9.436363636363637)","(8.0, 9.8, 9.333333333333332)","(101.0, 150.0, 135.0)","(8.0, 13.5, 12.071428571428571)","(1.75, 1.79, 1.7744)"
07-01-2023 12:45:05.009282,"(6.5, 11.5, 11.421875)","(18.0, 22.0, 21.333333333333332)","(6.0, 9.8, 9.4)","(8.0, 9.8, 9.333333333333332)","(101.0, 150.0, 135.0)","(8.0, 13.5, 12.071428571428571)","(1.75, 1.79, 1.7744)"
07-01-2023 12:45:06.142433,"(6.5, 11.5, 11.421875)","(18.0, 22.0, 21.333333333333332)","(6.0, 9.8, 9.4)","(8.0, 9.8, 9.17391304347826)","(101.0, 150.0, 135.0)","(8.0, 13.5, 12.071428571428571)","(1.75, 1.79, 1.7733333333333334)"
07-01-2023 12:45:07.220167,"(6.5, 11.5, 11.421875)","(18.0, 22.0, 21.333333333333332)","(6.0, 9.8, 9.4)","(8.0, 9.2, 9.438709677419356)","(101.0, 150.0, 135.0)","(8.0, 13.5, 12.071428571428571)","(1.75, 1.79, 1.767777777777778)"
07-01-2023 12:45:08.179501,"(6.5, 11.5, 11.421875)","(18.0, 22.0, 21.333333333333332)","(6.0, 9.8, 9.4)","(8.0, 9.8, 9.438709677419356)","(101.0, 150.0, 135.0)","(8.0, 13.5, 12.071428571428571)","(1.75, 1.79, 1.767777777777778)"
07-01-2023 12:45:09.276223,"(6.5, 11.5, 11.421875)","(18.0, 22.0, 21.333333333333332)","(6.0, 9.8, 9.4)","(8.0, 9.8, 9.438709677419356)","(101.0, 150.0, 135.0)","(8.0, 13.5, 12.428571428571429)","(1.75, 1.79, 1.767777777777778)"
07-01-2023 12:45:10.363333,"(6.5, 11.5, 11.421875)","(18.0, 22.0, 21.333333333333332)","(6.0, 9.8, 9.4)","(8.0, 9.8, 9.438709677419356)","(101.0, 150.0, 135.0)","(8.0, 13.5, 12.428571428571429)","(1.75, 1.79, 1.767777777777778)"
07-01-2023 12:45:11.459174,"(6.5, 11.5, 11.421875)","(18.0, 22.0, 21.333333333333332)","(6.0, 9.8, 9.4)","(8.0, 9.8, 9.5)","(101.0, 150.0, 136.36363636363637)","(8.0, 13.5, 12.428571428571429)","(1.75, 1.79, 1.767777777777778)"
07-01-2023 12:45:12.569273,"(6.5, 11.5, 11.421875)","(18.0, 22.0, 21.058823529411764)","(6.0, 9.8, 9.4)","(8.0, 9.8, 9.5)","(101.0, 150.0, 136.36363636363637)","(8.0, 13.5, 12.25)","(1.75, 1.79, 1.7443093922651933)"
07-01-2023 12:45:13.613728,"(6.5, 11.5, 11.330985915492958)","(18.0, 22.0, 21.238095238095237)","(6.0, 9.8, 9.512)","(8.0, 9.8, 9.5)","(101.0, 150.0, 136.36363636363637)","(8.0, 13.5, 12.7)","(1.75, 1.8, 1.7825)"
07-01-2023 12:45:14.721829,"(6.5, 11.5, 11.286666666666667)","(18.0, 22.0, 21.238095238095237)","(6.0, 9.8, 9.512)","(8.0, 9.8, 9.5)","(101.0, 150.0, 136.36363636363637)","(8.0, 13.5, 12.7)","(1.75, 1.79, 1.7915668202764978)"
07-01-2023 12:45:15.859473,"(6.5, 11.5, 11.330985915492958)","(18.0, 22.0, 21.238095238095237)","(6.0, 9.8, 9.512)","(8.0, 9.8, 9.5)","(101.0, 150.0, 136.36363636363637)","(8.0, 13.5, 12.7)","(1.75, 1.8, 1.7677227722772277)"
07-01-2023 12:45:16.939821,"(6.5, 11.5, 11.330985915492958)","(18.0, 22.0, 21.058823529411764)","(6.0, 9.8, 9.512)","(8.0, 9.8, 9.5)","(101.0, 150.0, 125.0)","(8.0, 13.5, 12.7)","(1.75, 1.8, 1.7677227722772277)"
07-01-2023 12:45:17.900837,"(6.5, 11.5, 10.7)","(18.0, 22.0, 21.4)","(6.0, 9.8, 9.512)","(8.0, 9.8, 9.5)","(101.0, 150.0, 125.0)","(8.0, 13.5, 12.7)","(1.75, 1.8, 1.767609756097561)"
07-01-2023 12:45:18.921762,"(6.5, 11.5, 10.7)","(18.0, 23.0, 22.307692307692307)","(6.0, 9.8, 9.472727272727273)","(8.0, 9.8, 9.5)","(101.0, 150.0, 125.0)","(8.0, 13.5, 13.375)","(1.75, 1.8, 1.767609756097561)"
07-01-2023 12:45:20.051254,"(6.5, 11.0, 10.818181818181818)","(18.0, 23.0, 22.307692307692307)","(6.0, 9.8, 9.472727272727273)","(8.0, 9.8, 9.5)","(101.0, 150.0, 125.0)","(8.0, 14.0, 12.4375)","(1.75, 1.8, 1.786)"
07-01-2023 12:45:21.154656,"(6.5, 11.0, 10.866666666666667)","(18.0, 23.0, 22.307692307692307)","(6.0, 9.8, 9.472727272727273)","(8.0, 9.8, 9.5)","(101.0, 150.0, 125.0)","(8.0, 14.0, 12.4375)","(1.75, 1.79, 1.786)"
07-01-2023 12:45:22.245004,"(6.5, 11.0, 10.866666666666667)","(18.0, 23.0, 22.307692307692307)","(6.0, 9.8, 9.472727272727273)","(8.0, 9.8, 9.4)","(101.0, 150.0, 125.0)","(8.0, 14.0, 12.4375)","(1.75, 1.79, 1.783125)"
07-01-2023 12:45:23.223375,"(6.5, 11.0, 10.866666666666667)","(18.0, 23.0, 22.307692307692307)","(6.0, 9.8, 9.472727272727273)","(8.0, 9.8, 9.4)","(101.0, 150.0, 125.0)","(8.0, 14.0, 12.4375)","(1.75, 1.79, 1.7850000000000001)"
07-01-2023 12:45:24.230135,"(6.5, 11.0, 10.9375)","(18.0, 23.0, 21.8)","(6.0, 9.8, 9.4625)","(8.0, 9.8, 9.4)","(101.0, 150.0, 125.0)","(8.0, 14.0, 12.4375)","(1.7, 1.79, 1.7850000000000001)"
07-01-2023 12:45:25.298857,"(7.0, 11.0, 10.9375)","(18.0, 23.0, 21.8)","(6.0, 9.8, 9.4625)","(7.5, 9.8, 9.4)","(101.0, 150.0, 125.0)","(8.0, 14.0, 12.4375)","(1.7, 1.79, 1.7850000000000001)"
07-01-2023 12:45:26.443567,"(7.0, 11.0, 10.9375)","(18.0, 23.0, 21.8)","(6.0, 9.8, 9.4625)","(7.5, 9.8, 9.4)","(101.0, 150.0, 125.0)","(8.0, 14.0, 13.038461538461538)","(1.7, 1.79, 1.7861538461538462)"
07-01-2023 12:45:27.523940,"(7.0, 11.0, 10.833333333333334)","(18.0, 23.0, 21.8)","(6.0, 9.8, 9.4625)","(7.5, 9.8, 9.4)","(101.0, 150.0, 125.0)","(8.0, 14.0, 12.571428571428571)","(1.7, 1.79, 1.7861538461538462)"
07-01-2023 12:45:28.516428,"(7.0, 11.0, 10.833333333333334)","(18.0, 23.0, 21.8)","(6.0, 9.8, 9.4625)","(7.5, 9.8, 9.4)","(101.0, 150.0, 125.0)","(8.0, 14.0, 12.333333333333334)","(1.7, 1.79, 1.7944052863436124)"
07-01-2023 12:45:29.488687,"(7.0, 11.0, 10.833333333333334)","(18.0, 23.0, 21.8)","(6.0, 9.8, 9.4625)","(7.5, 9.8, 9.4)","(101.0, 150.0, 125.0)","(8.0, 14.0, 12.333333333333334)","(1.7, 1.8, 1.7944052863436124)"
07-01-2023 12:45:30.509510,"(7.0, 11.0, 10.833333333333334)","(18.0, 23.0, 21.8)","(6.0, 9.8, 9.4625)","(7.5, 9.8, 9.4)","(101.0, 150.0, 125.0)","(8.0, 14.0, 12.61111111111111)","(1.7, 1.8, 1.7946948356807513)"
07-01-2023 12:45:31.602325,"(7.0, 11.0, 10.833333333333334)","(18.0, 22.0, 21.75)","(6.0, 9.8, 9.4625)","(7.5, 9.8, 9.4)","(101.0, 150.0, 125.0)","(8.0, 14.0, 12.61111111111111)","(1.7, 1.8, 1.7946948356807513)"
07-01-2023 12:45:32.601502,"(7.0, 11.0, 10.833333333333334)","(18.0, 22.0, 21.81818181818182)","(6.0, 9.8, 9.4625)","(7.5, 9.8, 9.4)","(101.0, 150.0, 125.0)","(8.0, 14.0, 12.676470588235293)","(1.7, 1.8, 1.7947619047619048)"
07-01-2023 12:45:33.532822,"(7.0, 11.0, 10.833333333333334)","(18.0, 22.0, 21.81818181818182)","(6.0, 9.8, 9.4625)","(7.5, 9.8, 9.4)","(101.0, 150.0, 125.0)","(8.0, 13.5, 13.1)","(1.7, 1.8, 1.7947619047619048)"
07-01-2023 12:45:34.497861,"(7.0, 11.0, 10.833333333333334)","(18.0, 22.0, 21.81818181818182)","(6.0, 9.8, 9.4625)","(7.5, 9.8, 9.4)","(101.0, 150.0, 125.0)","(8.0, 13.5, 13.1)","(1.7, 1.8, 1.7945871559633029)"
07-01-2023 12:45:35.548100,"(7.0, 11.0, 10.833333333333334)","(18.0, 22.0, 21.81818181818182)","(6.0, 9.8, 9.4625)","(7.5, 9.8, 9.4)","(101.0, 150.0, 125.0)","(8.0, 13.5, 13.1)","(1.7, 1.8, 1.7945871559633029)"
07-01-2023 12:45:36.652022,"(7.0, 11.0, 10.833333333333334)","(18.0, 23.0, 21.57894736842105)","(6.5, 9.8, 9.4625)","(8.0, 9.8, 9.415384615384616)","(101.0, 150.0, 125.0)","(8.5, 13.5, 12.75)","(1.7, 1.8, 1.7945871559633029)"
07-01-2023 12:45:37.670350,"(7.0, 11.0, 10.833333333333334)","(18.0, 23.0, 21.57894736842105)","(6.5, 9.8, 9.4625)","(8.0, 9.6, 9.355555555555554)","(101.0, 150.0, 125.0)","(8.5, 13.5, 12.75)","(1.7, 1.8, 1.7945871559633029)"
07-01-2023 12:45:38.699183,"(7.0, 11.0, 10.833333333333334)","(18.0, 23.0, 21.57894736842105)","(6.5, 9.8, 9.4625)","(8.0, 9.6, 9.355555555555554)","(101.0, 150.0, 125.0)","(8.5, 13.5, 12.5)","(1.7, 1.8, 1.7945871559633029)"
07-01-2023 12:45:39.673994,"(7.0, 11.0, 10.833333333333334)","(18.0, 23.0, 21.57894736842105)","(6.5, 9.8, 9.4625)","(8.0, 9.6, 9.355555555555554)","(101.0, 150.0, 125.0)","(8.5, 14.0, 13.038461538461538)","(1.7, 1.8, 1.7902325581395349)"
07-01-2023 12:45:40.723739,"(7.0, 11.0, 10.833333333333334)","(18.0, 23.0, 21.3125)","(6.5, 10.0, 9.6)","(8.0, 9.6, 9.355555555555554)","(101.0, 150.0, 125.0)","(8.5, 14.0, 13.038461538461538)","(1.7, 1.8, 1.791)"
07-01-2023 12:45:41.846942,"(7.0, 11.0, 10.833333333333334)","(18.0, 23.0, 21.57894736842105)","(6.5, 10.0, 9.6)","(8.0, 9.6, 9.355555555555554)","(101.0, 150.0, 125.0)","(8.5, 14.0, 12.75)","(1.7, 1.8, 1.791)"
07-01-2023 12:45:42.929951,"(7.0, 11.0, 10.833333333333334)","(18.0, 23.0, 21.57894736842105)","(6.5, 10.0, 9.6)","(8.0, 9.6, 9.355555555555554)","(101.0, 150.0, 125.0)","(8.5, 14.0, 12.75)","(1.7, 1.8, 1.782)"
07-01-2023 12:45:43.883234,"(7.0, 11.0, 10.833333333333334)","(18.0, 23.0, 21.57894736842105)","(6.5, 10.0, 9.6)","(8.0, 9.6, 9.355555555555554)","(101.0, 150.0, 125.0)","(8.5, 14.0, 12.61111111111111)","(1.7, 1.8, 1.7957142857142858)"
07-01-2023 12:45:44.881458,"(7.0, 11.0, 10.833333333333334)","(18.0, 23.0, 21.57894736842105)","(6.5, 10.0, 9.6)","(8.0, 9.6, 9.355555555555554)","(101.0, 150.0, 125.0)","(8.5, 14.0, 12.75)","(1.7, 1.8, 1.784)"
07-01-2023 12:45:45.961699,"(7.0, 11.0, 10.833333333333334)","(18.0, 23.0, 21.57894736842105)","(6.5, 10.0, 9.709090909090909)","(8.0, 9.6, 9.355555555555554)","(101.0, 150.0, 125.0)","(8.5, 14.0, 12.75)","(1.7, 1.8, 1.7865217391304349)"
07-01-2023 12:45:47.071284,"(7.0, 11.0, 10.833333333333334)","(18.0, 23.0, 21.57894736842105)","(6.5, 10.0, 9.709090909090909)","(8.0, 9.6, 9.355555555555554)","(101.0, 150.0, 125.0)","(8.5, 14.0, 12.75)","(1.7, 1.79, 1.786279069767442)"
07-01-2023 12:45:48.189027,"(7.0, 11.0, 10.833333333333334)","(18.0, 23.0, 21.57894736842105)","(6.5, 10.0, 9.822222222222223)","(8.0, 9.6, 9.355555555555554)","(101.0, 150.0, 125.0)","(8.5, 14.0, 12.75)","(1.7, 1.79, 1.786279069767442)"
07-01-2023 12:45:49.257411,"(7.0, 11.0, 10.833333333333334)","(18.0, 23.0, 21.3125)","(6.5, 10.0, 9.822222222222223)","(8.0, 9.6, 9.355555555555554)","(101.0, 150.0, 125.0)","(8.5, 14.0, 12.75)","(1.65, 1.79, 1.786279069767442)"
07-01-2023 12:45:50.257516,"(7.0, 11.0, 10.833333333333334)","(18.0, 23.0, 21.3125)","(6.5, 10.0, 9.822222222222223)","(8.0, 9.6, 9.355555555555554)","(101.0, 150.0, 125.0)","(8.5, 14.0, 12.75)","(1.65, 1.79, 1.8034782608695652)"
07-01-2023 12:45:51.231588,"(7.0, 11.0, 10.833333333333334)","(18.0, 23.0, 21.3125)","(6.5, 10.0, 9.822222222222223)","(8.0, 9.6, 9.355555555555554)","(101.0, 150.0, 125.0)","(8.5, 14.0, 12.5)","(1.65, 1.81, 1.8023809523809524)"
07-01-2023 12:45:52.309422,"(7.0, 11.0, 10.833333333333334)","(18.0, 23.0, 21.3125)","(6.5, 9.6, 9.36470588235294)","(8.0, 9.6, 9.355555555555554)","(101.0, 150.0, 125.0)","(8.5, 13.5, 12.38888888888889)","(1.65, 1.81, 1.8023809523809524)"
07-01-2023 12:45:53.379838,"(7.0, 11.0, 10.833333333333334)","(18.0, 23.0, 21.3125)","(6.5, 9.6, 9.709090909090909)","(8.0, 9.6, 9.355555555555554)","(101.0, 150.0, 125.0)","(8.5, 13.5, 12.38888888888889)","(1.65, 1.81, 1.8023809523809524)"
07-01-2023 12:45:54.489573,"(7.0, 11.0, 10.833333333333334)","(18.0, 23.0, 21.3125)","(6.5, 10.0, 9.251851851851852)","(8.0, 9.6, 9.355555555555554)","(101.0, 150.0, 125.0)","(8.5, 13.5, 12.38888888888889)","(1.65, 1.81, 1.8023809523809524)"
07-01-2023 12:45:55.517925,"(7.0, 11.0, 10.833333333333334)","(18.0, 23.0, 21.3125)","(6.5, 9.4, 9.251851851851852)","(8.0, 9.6, 9.355555555555554)","(101.0, 150.0, 125.0)","(8.5, 13.5, 12.227272727272727)","(1.65, 1.81, 1.8078571428571428)"
07-01-2023 12:45:56.475874,"(7.0, 11.0, 10.833333333333334)","(18.0, 23.0, 21.3125)","(6.5, 9.4, 9.251851851851852)","(8.0, 9.6, 9.355555555555554)","(101.0, 150.0, 125.0)","(8.5, 13.5, 12.38888888888889)","(1.65, 1.81, 1.809047619047619)"
07-01-2023 12:45:57.567386,"(7.0, 11.0, 10.833333333333334)","(18.0, 23.0, 21.3125)","(6.5, 10.0, 9.263157894736842)","(8.0, 9.6, 9.355555555555554)","(101.0, 150.0, 125.0)","(8.5, 13.5, 12.38888888888889)","(1.65, 1.81, 1.809047619047619)"
07-01-2023 12:45:58.645187,"(7.0, 11.0, 10.833333333333334)","(18.0, 23.0, 21.3125)","(6.5, 10.0, 9.263157894736842)","(8.0, 9.6, 9.355555555555554)","(101.0, 150.0, 125.0)","(8.5, 13.5, 12.38888888888889)","(1.65, 1.81, 1.809047619047619)"
07-01-2023 12:45:59.691274,"(7.0, 11.0, 10.833333333333334)","(18.0, 23.0, 21.3125)","(6.5, 10.0, 9.625)","(8.0, 9.6, 9.355555555555554)","(101.0, 150.0, 125.0)","(8.5, 13.5, 12.38888888888889)","(1.65, 1.81, 1.809047619047619)"
07-01-2023 12:46:00.683592,"(7.0, 11.0, 10.833333333333334)","(18.0, 23.0, 21.3125)","(6.5, 9.6, 9.375)","(8.0, 9.6, 9.355555555555554)","(101.0, 150.0, 125.0)","(8.5, 13.5, 12.38888888888889)","(1.65, 1.81, 1.809047619047619)"
07-01-2023 12:46:01.621500,"(7.0, 11.0, 10.833333333333334)","(18.0, 23.0, 21.3125)","(6.5, 9.6, 9.23076923076923)","(8.0, 9.6, 9.355555555555554)","(101.0, 150.0, 125.0)","(8.5, 13.5, 12.38888888888889)","(1.65, 1.81, 1.8129411764705883)"
07-01-2023 12:46:02.637514,"(7.0, 11.0, 10.833333333333334)","(18.0, 23.0, 21.3125)","(6.5, 9.6, 9.23076923076923)","(8.0, 9.6, 9.355555555555554)","(101.0, 150.0, 125.0)","(8.5, 13.5, 11.416666666666666)","(1.65, 1.82, 1.8123076923076924)"
07-01-2023 12:46:03.705026,"(7.0, 11.0, 10.833333333333334)","(18.0, 23.0, 21.3125)","(6.5, 9.6, 9.3)","(8.0, 9.6, 9.355555555555554)","(101.0, 150.0, 125.0)","(8.5, 13.5, 11.9375)","(1.65, 1.82, 1.8123076923076924)"
07-01-2023 12:46:04.960286,"(7.0, 11.0, 10.833333333333334)","(18.0, 23.0, 20.923076923076923)","(6.5, 9.4, 9.153846153846153)","(8.0, 9.6, 9.355555555555554)","(101.0, 150.0, 125.0)","(8.5, 13.5, 11.9375)","(1.65, 1.82, 1.8123076923076924)"
07-01-2023 12:46:06.150187,"(7.0, 11.0, 10.833333333333334)","(18.0, 23.0, 20.923076923076923)","(6.5, 9.4, 9.153846153846153)","(8.0, 9.6, 9.355555555555554)","(101.0, 150.0, 125.0)","(8.5, 13.5, 11.9375)","(1.65, 1.82, 1.8172602739726027)"
07-01-2023 12:46:07.161536,"(7.0, 11.0, 10.833333333333334)","(18.0, 23.0, 20.923076923076923)","(6.5, 9.4, 9.153846153846153)","(8.0, 9.6, 9.355555555555554)","(101.0, 150.0, 125.0)","(8.5, 13.5, 11.9375)","(1.65, 1.82, 1.8172602739726027)"
07-01-2023 12:46:08.295379,"(7.0, 11.0, 10.833333333333334)","(18.0, 23.0, 20.163265306122447)","(6.5, 9.4, 9.56078431372549)","(8.0, 9.6, 9.355555555555554)","(101.0, 150.0, 138.88888888888889)","(8.5, 13.5, 11.576923076923077)","(1.65, 1.82, 1.8172602739726027)"
07-01-2023 12:46:09.416491,"(7.0, 11.0, 10.967532467532468)","(18.0, 22.0, 20.163265306122447)","(6.5, 9.6, 9.56078431372549)","(8.0, 9.6, 9.355555555555554)","(101.0, 150.0, 138.88888888888889)","(8.5, 13.5, 11.576923076923077)","(1.65, 1.82, 1.8172602739726027)"
07-01-2023 12:46:10.569046,"(7.0, 11.0, 10.967532467532468)","(18.0, 22.0, 20.163265306122447)","(6.5, 9.6, 9.540740740740741)","(8.0, 9.6, 9.355555555555554)","(101.0, 150.0, 138.88888888888889)","(8.5, 13.5, 12.2)","(1.65, 1.82, 1.818108108108108)"
07-01-2023 12:46:11.831658,"(7.0, 11.0, 10.967532467532468)","(18.0, 21.0, 20.8)","(6.5, 9.6, 9.540740740740741)","(8.0, 9.6, 9.355555555555554)","(101.0, 150.0, 138.88888888888889)","(8.5, 13.0, 12.0)","(1.65, 1.83, 1.818108108108108)"
07-01-2023 12:46:12.914662,"(7.0, 11.0, 10.967532467532468)","(18.0, 21.0, 20.8)","(6.5, 9.6, 9.540740740740741)","(8.0, 9.6, 9.355555555555554)","(101.0, 150.0, 138.88888888888889)","(8.5, 13.0, 12.454545454545455)","(1.65, 1.83, 1.818108108108108)"
07-01-2023 12:46:13.984268,"(7.0, 11.0, 10.967532467532468)","(18.0, 21.0, 20.8)","(6.5, 9.6, 9.540740740740741)","(8.0, 9.6, 9.355555555555554)","(101.0, 150.0, 138.88888888888889)","(8.5, 13.0, 12.454545454545455)","(1.65, 1.83, 1.818108108108108)"
07-01-2023 12:46:15.306566,"(7.0, 11.0, 10.967532467532468)","(18.0, 21.0, 20.8)","(6.5, 9.6, 9.540740740740741)","(8.0, 9.6, 9.355555555555554)","(101.0, 150.0, 138.88888888888889)","(8.5, 13.0, 12.454545454545455)","(1.65, 1.83, 1.818108108108108)"
07-01-2023 12:46:16.741268,"(7.0, 11.0, 10.967532467532468)","(18.0, 21.0, 20.8)","(6.5, 9.6, 9.540740740740741)","(8.0, 9.6, 9.355555555555554)","(101.0, 150.0, 138.88888888888889)","(8.5, 13.0, 12.777777777777779)","(1.65, 1.83, 1.804769230769231)"
07-01-2023 12:46:17.898506,"(7.0, 11.0, 10.967532467532468)","(18.0, 21.0, 20.8)","(6.5, 9.6, 9.540740740740741)","(8.0, 9.6, 9.34)","(101.0, 150.0, 138.0)","(8.5, 13.0, 12.777777777777779)","(1.65, 1.81, 1.8070238095238096)"
07-01-2023 12:46:19.028101,"(7.0, 11.0, 10.961538461538462)","(18.0, 21.0, 20.8)","(6.5, 9.6, 9.540740740740741)","(8.0, 9.6, 9.34)","(101.0, 150.0, 138.0)","(8.5, 13.0, 12.777777777777779)","(1.65, 1.81, 1.807972972972973)"
07-01-2023 12:46:20.197307,"(7.0, 11.0, 10.964285714285714)","(18.0, 21.0, 20.8)","(6.5, 9.6, 9.540740740740741)","(8.0, 9.6, 9.34)","(101.0, 150.0, 138.0)","(8.5, 13.0, 12.6)","(1.65, 1.81, 1.8306250000000002)"
07-01-2023 12:46:21.388486,"(7.0, 11.0, 10.962025316455696)","(18.0, 21.0, 20.8)","(6.5, 9.4, 9.316666666666666)","(8.0, 9.6, 9.34)","(101.0, 150.0, 138.0)","(8.5, 13.0, 12.6)","(1.65, 1.84, 1.8222222222222222)"
07-01-2023 12:46:22.490169,"(7.0, 11.0, 10.962025316455696)","(18.0, 21.0, 20.8)","(6.5, 9.4, 9.316666666666666)","(8.0, 9.6, 9.34)","(101.0, 150.0, 138.0)","(8.5, 13.0, 12.6)","(1.65, 1.84, 1.8222222222222222)"
07-01-2023 12:46:23.513964,"(7.0, 11.0, 10.962025316455696)","(18.0, 21.0, 20.8)","(6.5, 9.4, 9.316666666666666)","(8.0, 9.6, 9.34)","(101.0, 150.0, 138.0)","(8.5, 13.0, 12.03125)","(1.65, 1.84, 1.8352873563218393)"
07-01-2023 12:46:24.509923,"(7.0, 11.0, 10.962025316455696)","(18.0, 21.0, 20.8)","(6.5, 9.2, 9.1625)","(8.0, 9.6, 9.34)","(101.0, 150.0, 138.0)","(8.5, 12.5, 12.25)","(1.65, 1.84, 1.83046511627907)"
07-01-2023 12:46:25.642932,"(7.0, 11.5, 11.348837209302326)","(18.0, 21.0, 20.8)","(6.5, 9.0, 9.089655172413792)","(8.0, 9.6, 9.34)","(101.0, 150.0, 138.0)","(8.5, 13.0, 11.714285714285714)","(1.65, 1.84, 1.8302380952380952)"
07-01-2023 12:46:26.690880,"(7.5, 11.5, 11.311111111111112)","(18.0, 21.0, 20.8)","(7.0, 9.2, 9.089655172413792)","(8.0, 9.6, 9.34)","(101.0, 150.0, 138.0)","(9.0, 12.0, 11.555555555555555)","(1.7, 1.84, 1.8300657894736843)"
07-01-2023 12:46:27.705235,"(7.5, 11.5, 11.311111111111112)","(18.0, 21.0, 20.8)","(7.0, 9.2, 9.060869565217391)","(8.0, 9.6, 9.34)","(101.0, 150.0, 138.0)","(9.0, 12.0, 11.555555555555555)","(1.7, 1.84, 1.8300657894736843)"
07-01-2023 12:46:28.689413,"(7.5, 11.5, 11.311111111111112)","(18.0, 21.0, 20.8)","(7.0, 9.2, 9.060869565217391)","(8.0, 9.6, 9.34)","(101.0, 150.0, 138.0)","(9.0, 12.0, 11.555555555555555)","(1.7, 1.84, 1.8300884955752212)"
07-01-2023 12:46:29.733603,"(7.5, 11.5, 11.311111111111112)","(18.0, 21.0, 20.8)","(7.0, 9.2, 9.060869565217391)","(8.0, 9.6, 9.34)","(101.0, 150.0, 139.0909090909091)","(9.0, 12.0, 11.555555555555555)","(1.7, 1.84, 1.8300884955752212)"
07-01-2023 12:46:30.848975,"(7.5, 11.5, 11.311111111111112)","(18.0, 21.0, 20.8)","(7.0, 9.2, 9.060869565217391)","(8.0, 9.6, 9.34)","(101.0, 150.0, 139.0909090909091)","(9.0, 12.0, 11.555555555555555)","(1.7, 1.84, 1.83008547008547)"
07-01-2023 12:46:31.971836,"(7.5, 11.5, 11.311111111111112)","(18.0, 21.0, 20.8)","(7.0, 9.2, 9.060869565217391)","(8.0, 9.6, 9.34)","(101.0, 150.0, 139.0909090909091)","(9.0, 12.0, 11.529411764705882)","(1.7, 1.84, 1.83008547008547)"
07-01-2023 12:46:33.039655,"(7.5, 11.5, 11.311111111111112)","(18.0, 21.0, 20.8)","(7.0, 9.2, 9.060869565217391)","(8.0, 9.6, 9.34)","(101.0, 150.0, 139.0909090909091)","(9.0, 12.0, 11.529411764705882)","(1.7, 1.84, 1.83008547008547)"
07-01-2023 12:46:34.060894,"(7.5, 11.5, 11.311111111111112)","(18.0, 21.0, 20.8)","(7.0, 9.2, 9.060869565217391)","(8.0, 9.6, 9.34)","(101.0, 150.0, 139.0909090909091)","(9.0, 12.0, 11.529411764705882)","(1.7, 1.84, 1.83008547008547)"
07-01-2023 12:46:35.078033,"(7.5, 11.5, 11.311111111111112)","(18.0, 21.0, 20.8)","(7.0, 9.0, 8.92)","(8.0, 9.6, 9.34)","(101.0, 150.0, 139.0909090909091)","(9.0, 12.0, 11.529411764705882)","(1.7, 1.84, 1.8300952380952382)"
07-01-2023 12:46:36.169375,"(7.5, 11.5, 11.311111111111112)","(18.0, 21.0, 20.8)","(7.0, 9.0, 8.92)","(8.0, 9.6, 9.34)","(101.0, 150.0, 139.0909090909091)","(9.0, 12.0, 11.529411764705882)","(1.7, 1.84, 1.8300787401574803)"
07-01-2023 12:46:37.269532,"(7.5, 11.5, 11.311111111111112)","(18.0, 21.0, 20.8)","(7.0, 9.0, 8.92)","(8.0, 9.6, 9.34)","(101.0, 150.0, 140.0)","(9.0, 12.0, 11.3)","(1.7, 1.84, 1.8300806451612903)"
07-01-2023 12:46:38.340098,"(7.5, 11.5, 11.311111111111112)","(18.0, 21.0, 20.8)","(7.0, 9.0, 8.92)","(8.0, 9.6, 9.34)","(101.0, 150.0, 140.0)","(9.0, 11.5, 11.3)","(1.7, 1.84, 1.8300666666666667)"
07-01-2023 12:46:39.294781,"(7.5, 11.5, 11.311111111111112)","(18.0, 21.0, 20.8)","(7.0, 9.0, 8.88888888888889)","(8.0, 9.6, 9.34)","(101.0, 150.0, 140.0)","(9.0, 11.5, 11.3)","(1.7, 1.84, 1.8300666666666667)"
07-01-2023 12:46:40.300819,"(7.5, 11.5, 11.311111111111112)","(18.0, 21.0, 20.8)","(7.0, 9.0, 8.88888888888889)","(8.0, 9.6, 9.34)","(101.0, 150.0, 140.0)","(9.0, 11.5, 11.3)","(1.7, 1.84, 1.8300666666666667)"
07-01-2023 12:46:41.436868,"(7.5, 11.5, 11.311111111111112)","(18.0, 21.0, 20.8)","(7.0, 9.0, 8.88888888888889)","(8.0, 9.6, 9.34)","(101.0, 150.0, 140.0)","(9.0, 11.5, 11.3)","(1.7, 1.84, 1.8300666666666667)"
07-01-2023 12:46:42.530562,"(7.5, 11.5, 11.311111111111112)","(18.0, 21.0, 20.8)","(7.0, 9.0, 8.88888888888889)","(8.0, 9.6, 9.375)","(101.0, 150.0, 140.0)","(9.0, 11.5, 11.3)","(1.7, 1.84, 1.8300649350649352)"
07-01-2023 12:46:43.521933,"(7.5, 11.5, 11.311111111111112)","(18.0, 21.0, 20.8)","(7.0, 9.0, 8.88888888888889)","(8.0, 9.6, 9.399999999999999)","(101.0, 150.0, 140.0)","(9.0, 11.5, 11.3)","(1.7, 1.84, 1.8300666666666667)"
07-01-2023 12:46:44.469884,"(7.5, 11.5, 11.311111111111112)","(18.0, 21.0, 20.8)","(7.0, 9.0, 8.88888888888889)","(8.0, 9.6, 9.399999999999999)","(101.0, 150.0, 140.0)","(9.0, 11.5, 11.3)","(1.7, 1.84, 1.8300666666666667)"
07-01-2023 12:46:45.506489,"(7.5, 11.5, 11.311111111111112)","(18.0, 21.0, 20.8)","(7.0, 9.0, 8.88888888888889)","(8.0, 9.6, 9.126315789473685)","(101.0, 150.0, 125.0)","(8.5, 11.5, 11.3)","(1.7, 1.84, 1.8300666666666667)"
07-01-2023 12:46:46.594663,"(7.5, 11.5, 10.984848484848484)","(18.0, 22.0, 20.666666666666668)","(7.0, 9.0, 8.88888888888889)","(8.0, 9.6, 9.126315789473685)","(101.0, 150.0, 125.0)","(8.5, 11.5, 11.3)","(1.7, 1.84, 1.8318131868131868)"
07-01-2023 12:46:47.689090,"(7.5, 11.5, 10.984848484848484)","(18.0, 22.0, 21.636363636363637)","(7.0, 9.0, 8.88888888888889)","(8.0, 9.4, 9.114285714285714)","(101.0, 150.0, 125.0)","(8.5, 11.5, 11.3)","(1.7, 1.84, 1.8318131868131868)"
07-01-2023 12:46:48.794426,"(7.5, 11.5, 10.984848484848484)","(18.0, 22.0, 21.636363636363637)","(7.0, 9.0, 8.88888888888889)","(8.0, 9.4, 9.114285714285714)","(101.0, 150.0, 125.0)","(8.5, 11.5, 11.3)","(1.7, 1.84, 1.8318131868131868)"
07-01-2023 12:46:49.773764,"(7.5, 11.5, 10.984848484848484)","(18.0, 22.0, 21.636363636363637)","(7.0, 9.0, 8.88888888888889)","(8.0, 9.4, 9.114285714285714)","(101.0, 150.0, 125.0)","(8.5, 11.5, 11.3)","(1.7, 1.84, 1.8318131868131868)"
07-01-2023 12:46:50.872380,"(7.5, 11.5, 10.984848484848484)","(18.0, 22.0, 21.636363636363637)","(7.0, 9.0, 8.88888888888889)","(8.0, 9.4, 9.114285714285714)","(101.0, 150.0, 125.0)","(8.5, 11.5, 11.3)","(1.7, 1.84, 1.8318131868131868)"
07-01-2023 12:46:51.986549,"(7.5, 11.5, 10.984848484848484)","(18.0, 22.0, 21.636363636363637)","(7.0, 9.0, 8.88888888888889)","(8.0, 9.4, 9.114285714285714)","(101.0, 150.0, 125.0)","(8.5, 11.5, 11.3)","(1.7, 1.84, 1.8318131868131868)"
07-01-2023 12:46:53.089611,"(7.5, 11.5, 10.984848484848484)","(18.0, 22.0, 21.636363636363637)","(7.0, 9.0, 8.88888888888889)","(8.0, 9.4, 9.20952380952381)","(101.0, 150.0, 125.0)","(8.5, 11.5, 11.3)","(1.7, 1.84, 1.8318131868131868)"
07-01-2023 12:46:54.156797,"(7.5, 11.5, 10.984848484848484)","(18.0, 22.0, 21.636363636363637)","(7.0, 9.0, 8.88888888888889)","(8.0, 9.4, 9.20952380952381)","(101.0, 150.0, 125.0)","(8.5, 11.5, 11.3)","(1.7, 1.84, 1.8318131868131868)"
07-01-2023 12:46:55.237552,"(7.5, 11.5, 10.984848484848484)","(18.0, 22.0, 21.636363636363637)","(7.0, 9.0, 8.869565217391305)","(8.0, 9.4, 9.24)","(101.0, 150.0, 125.0)","(8.5, 11.5, 11.342105263157894)","(1.7, 1.84, 1.8355731225296443)"
07-01-2023 12:46:56.237820,"(7.5, 11.5, 10.987179487179487)","(18.0, 22.0, 21.733333333333334)","(7.0, 9.0, 8.8)","(8.0, 9.4, 9.24)","(101.0, 150.0, 125.0)","(8.5, 11.5, 11.342105263157894)","(1.7, 1.84, 1.8368115942028986)"
07-01-2023 12:46:57.248662,"(7.5, 11.5, 10.987179487179487)","(18.0, 23.0, 22.0)","(7.0, 9.0, 8.781818181818181)","(8.0, 9.4, 9.24)","(101.0, 150.0, 125.0)","(8.5, 11.5, 11.342105263157894)","(1.7, 1.84, 1.8402251023192362)"
07-01-2023 12:46:58.326894,"(7.5, 11.5, 10.987179487179487)","(18.0, 23.0, 22.0)","(7.0, 9.0, 8.781818181818181)","(8.0, 9.4, 9.206896551724139)","(101.0, 150.0, 125.0)","(8.5, 11.5, 11.342105263157894)","(1.7, 1.85, 1.8402251023192362)"
07-01-2023 12:46:59.461500,"(7.5, 11.5, 10.987179487179487)","(18.0, 23.0, 22.0)","(7.0, 9.0, 8.733333333333333)","(8.0, 9.4, 9.145454545454546)","(101.0, 150.0, 125.0)","(8.5, 11.5, 11.342105263157894)","(1.7, 1.85, 1.8402251023192362)"
07-01-2023 12:47:00.572064,"(7.5, 11.5, 10.987179487179487)","(18.0, 23.0, 22.0)","(7.0, 9.0, 8.733333333333333)","(8.0, 9.4, 9.133333333333333)","(101.0, 150.0, 125.0)","(8.5, 11.5, 11.208333333333334)","(1.7, 1.85, 1.8318722327640735)"
07-01-2023 12:47:01.661495,"(7.5, 11.5, 10.987179487179487)","(18.0, 23.0, 21.58823529411765)","(7.0, 9.0, 8.733333333333333)","(8.0, 9.4, 9.133333333333333)","(101.0, 150.0, 125.0)","(8.5, 11.5, 11.147058823529411)","(1.7, 1.85, 1.8348366013071895)"
07-01-2023 12:47:02.684543,"(7.5, 11.5, 10.987179487179487)","(18.0, 23.0, 21.58823529411765)","(7.0, 9.0, 8.733333333333333)","(8.0, 9.4, 9.133333333333333)","(101.0, 140.0, 125.71428571428571)","(8.5, 11.5, 11.119047619047619)","(1.7, 1.84, 1.8348366013071895)"
07-01-2023 12:47:03.710979,"(7.5, 11.5, 10.963414634146341)","(18.0, 23.0, 21.58823529411765)","(7.0, 9.0, 8.733333333333333)","(8.0, 9.4, 9.2)","(101.0, 140.0, 125.71428571428571)","(8.5, 11.5, 11.119047619047619)","(1.7, 1.84, 1.8348366013071895)"
07-01-2023 12:47:04.729017,"(7.5, 11.5, 10.963414634146341)","(18.0, 23.0, 21.58823529411765)","(7.0, 9.0, 8.733333333333333)","(8.0, 9.4, 9.2)","(101.0, 140.0, 125.71428571428571)","(8.5, 11.5, 11.178571428571429)","(1.7, 1.84, 1.8346835443037977)"
07-01-2023 12:47:05.730543,"(7.5, 11.5, 10.963414634146341)","(18.0, 23.0, 21.58823529411765)","(7.0, 9.0, 8.733333333333333)","(8.0, 9.4, 9.2)","(101.0, 140.0, 125.71428571428571)","(8.5, 11.5, 11.178571428571429)","(1.7, 1.84, 1.8346835443037977)"
07-01-2023 12:47:06.687388,"(7.5, 11.5, 10.963414634146341)","(18.0, 23.0, 21.58823529411765)","(7.0, 9.0, 8.733333333333333)","(8.0, 9.4, 9.2)","(101.0, 140.0, 125.71428571428571)","(8.5, 11.5, 11.178571428571429)","(1.7, 1.84, 1.8278767123287671)"
07-01-2023 12:47:07.678643,"(7.5, 11.5, 10.963414634146341)","(18.0, 23.0, 21.58823529411765)","(7.0, 9.0, 8.733333333333333)","(8.0, 9.4, 9.2)","(101.0, 140.0, 125.71428571428571)","(8.5, 11.5, 11.178571428571429)","(1.7, 1.84, 1.8278767123287671)"
07-01-2023 12:47:08.781752,"(7.5, 11.5, 10.963414634146341)","(18.0, 23.0, 21.58823529411765)","(7.0, 9.0, 8.733333333333333)","(8.0, 9.4, 9.2)","(101.0, 140.0, 125.71428571428571)","(8.5, 11.5, 11.178571428571429)","(1.7, 1.84, 1.828867924528302)"
07-01-2023 12:47:09.833906,"(7.5, 11.5, 10.963414634146341)","(18.0, 23.0, 21.58823529411765)","(7.0, 9.0, 8.75)","(8.0, 9.4, 9.257142857142858)","(101.0, 140.0, 125.71428571428571)","(8.5, 11.5, 11.178571428571429)","(1.7, 1.84, 1.828867924528302)"
07-01-2023 12:47:10.918088,"(7.5, 11.5, 10.963414634146341)","(18.0, 23.0, 21.58823529411765)","(7.0, 9.0, 8.75)","(8.0, 9.4, 9.257142857142858)","(101.0, 140.0, 125.71428571428571)","(8.5, 11.5, 11.178571428571429)","(1.7, 1.84, 1.8329508196721311)"
07-01-2023 12:47:11.943689,"(7.5, 11.5, 10.963414634146341)","(18.0, 23.0, 21.58823529411765)","(7.0, 9.0, 8.75)","(8.0, 9.4, 9.257142857142858)","(101.0, 140.0, 125.71428571428571)","(8.5, 11.5, 11.25)","(1.7, 1.84, 1.8329670329670331)"
07-01-2023 12:47:12.921564,"(7.5, 11.5, 11.013513513513514)","(18.0, 23.0, 21.58823529411765)","(7.0, 9.0, 8.75)","(8.0, 9.4, 9.304761904761905)","(101.0, 140.0, 125.71428571428571)","(8.5, 11.5, 11.25)","(1.7, 1.84, 1.8304832713754648)"
07-01-2023 12:47:13.983347,"(7.5, 11.5, 11.013513513513514)","(18.0, 23.0, 21.76923076923077)","(7.0, 9.0, 8.78)","(8.0, 9.4, 9.304761904761905)","(101.0, 140.0, 125.71428571428571)","(8.5, 11.5, 11.25)","(1.7, 1.84, 1.8304832713754648)"
07-01-2023 12:47:15.119433,"(7.5, 11.5, 11.013513513513514)","(18.0, 23.0, 21.76923076923077)","(7.0, 9.0, 8.78)","(8.0, 9.4, 9.304761904761905)","(101.0, 140.0, 125.71428571428571)","(8.5, 11.5, 11.25)","(1.7, 1.84, 1.8304832713754648)"
07-01-2023 12:47:16.245346,"(7.5, 11.5, 11.013513513513514)","(18.0, 23.0, 21.76923076923077)","(7.0, 9.0, 8.75)","(8.0, 9.4, 9.257142857142858)","(101.0, 140.0, 125.71428571428571)","(8.5, 11.5, 11.25)","(1.7, 1.84, 1.8304832713754648)"
07-01-2023 12:47:17.365408,"(7.5, 11.5, 11.013513513513514)","(18.0, 23.0, 21.76923076923077)","(7.0, 9.0, 8.75)","(8.0, 9.4, 9.257142857142858)","(101.0, 140.0, 125.71428571428571)","(8.5, 11.5, 11.25)","(1.7, 1.84, 1.8324229074889868)"
07-01-2023 12:47:18.430889,"(7.5, 11.5, 11.013513513513514)","(18.0, 23.0, 21.76923076923077)","(7.0, 9.0, 8.75)","(8.0, 9.4, 9.257142857142858)","(101.0, 140.0, 125.71428571428571)","(8.5, 11.5, 11.25)","(1.7, 1.84, 1.8322608695652174)"
07-01-2023 12:47:19.407745,"(7.5, 11.5, 11.013513513513514)","(18.0, 23.0, 21.76923076923077)","(7.0, 9.0, 8.75)","(8.0, 9.4, 9.257142857142858)","(101.0, 140.0, 125.71428571428571)","(8.5, 11.5, 11.25)","(1.7, 1.84, 1.8322608695652174)"
07-01-2023 12:47:20.416280,"(7.5, 11.5, 11.013513513513514)","(18.0, 23.0, 21.76923076923077)","(7.0, 9.0, 8.75)","(8.0, 9.4, 9.1)","(101.0, 140.0, 125.71428571428571)","(8.5, 11.5, 11.357142857142858)","(1.7, 1.84, 1.8322608695652174)"
07-01-2023 12:47:21.404960,"(7.5, 11.5, 11.013513513513514)","(18.0, 23.0, 22.25)","(7.0, 9.0, 8.75)","(8.0, 9.4, 9.1)","(101.0, 140.0, 125.71428571428571)","(8.5, 11.5, 11.357142857142858)","(1.7, 1.84, 1.8322608695652174)"
07-01-2023 12:47:22.416746,"(7.5, 11.5, 11.013513513513514)","(18.0, 23.0, 22.25)","(7.0, 9.0, 8.75)","(8.0, 9.4, 9.1)","(101.0, 140.0, 125.71428571428571)","(8.5, 11.5, 11.357142857142858)","(1.7, 1.84, 1.8322608695652174)"
07-01-2023 12:47:23.343891,"(7.5, 11.5, 11.013513513513514)","(18.0, 23.0, 22.25)","(7.0, 9.0, 8.75)","(8.0, 9.4, 9.1)","(101.0, 140.0, 125.71428571428571)","(8.5, 11.5, 11.357142857142858)","(1.7, 1.84, 1.8322608695652174)"
07-01-2023 12:47:24.339289,"(7.5, 11.5, 11.013513513513514)","(18.0, 23.0, 22.25)","(7.0, 9.0, 8.75)","(8.0, 9.4, 9.1)","(101.0, 140.0, 125.71428571428571)","(8.5, 11.5, 11.357142857142858)","(1.7, 1.84, 1.8322608695652174)"
07-01-2023 12:47:25.423907,"(7.5, 11.5, 11.013513513513514)","(18.0, 23.0, 22.25)","(7.0, 9.0, 8.75)","(8.0, 9.4, 9.1)","(101.0, 140.0, 125.71428571428571)","(8.5, 11.5, 11.357142857142858)","(1.7, 1.84, 1.8322608695652174)"
07-01-2023 12:47:26.537376,"(7.5, 11.5, 11.013513513513514)","(18.0, 23.0, 22.25)","(7.0, 9.0, 8.75)","(8.0, 9.4, 9.1)","(101.0, 140.0, 125.71428571428571)","(8.5, 11.5, 11.357142857142858)","(1.7, 1.84, 1.8322608695652174)"
07-01-2023 12:47:27.627923,"(7.5, 11.5, 11.013513513513514)","(18.0, 23.0, 22.25)","(7.0, 9.0, 8.75)","(8.0, 9.4, 9.1)","(101.0, 140.0, 125.71428571428571)","(8.5, 11.5, 11.357142857142858)","(1.7, 1.84, 1.8322608695652174)"
07-01-2023 12:47:28.581383,"(7.5, 11.5, 11.013513513513514)","(18.0, 23.0, 22.25)","(7.0, 9.0, 8.75)","(8.0, 9.4, 9.1)","(101.0, 140.0, 125.71428571428571)","(8.5, 11.5, 11.357142857142858)","(1.7, 1.84, 1.8322608695652174)"
07-01-2023 12:47:29.610860,"(7.5, 11.5, 11.013513513513514)","(18.0, 23.0, 22.25)","(7.0, 9.0, 8.75)","(8.0, 9.4, 9.08)","(101.0, 140.0, 123.33333333333333)","(8.5, 11.5, 11.357142857142858)","(1.7, 1.84, 1.835409836065574)"
07-01-2023 12:47:30.733872,"(7.5, 11.5, 11.013513513513514)","(18.0, 23.0, 22.25)","(7.0, 9.0, 8.672727272727272)","(8.0, 9.4, 9.08)","(101.0, 140.0, 132.5)","(8.5, 11.5, 11.357142857142858)","(1.7, 1.84, 1.8343650793650794)"
07-01-2023 12:47:31.853320,"(7.5, 11.5, 11.013513513513514)","(18.0, 23.0, 22.25)","(7.0, 9.0, 8.660869565217391)","(8.0, 9.4, 9.048484848484849)","(101.0, 140.0, 132.5)","(8.5, 11.5, 11.357142857142858)","(1.7, 1.84, 1.8388732394366198)"
07-01-2023 12:47:32.964101,"(7.5, 11.5, 11.013513513513514)","(18.0, 23.0, 22.571428571428573)","(7.0, 9.0, 8.660869565217391)","(8.0, 9.4, 9.048484848484849)","(101.0, 140.0, 132.5)","(8.5, 11.5, 11.357142857142858)","(1.7, 1.84, 1.835)"
07-01-2023 12:47:34.108157,"(7.5, 11.5, 11.013513513513514)","(19.0, 23.0, 22.53846153846154)","(7.0, 9.0, 8.61)","(8.0, 9.4, 9.055172413793104)","(101.0, 140.0, 132.5)","(9.0, 11.5, 11.01388888888889)","(1.7, 1.84, 1.8403221649484538)"
07-01-2023 12:47:35.152105,"(7.5, 11.5, 11.013513513513514)","(19.0, 22.0, 21.625)","(7.0, 9.0, 8.61)","(8.0, 9.4, 9.055172413793104)","(101.0, 140.0, 132.5)","(9.0, 11.5, 11.01388888888889)","(1.7, 1.85, 1.8400529801324503)"
07-01-2023 12:47:36.173712,"(7.5, 11.5, 11.013513513513514)","(19.0, 22.0, 21.571428571428573)","(7.0, 9.0, 8.61)","(8.0, 9.4, 9.055172413793104)","(101.0, 140.0, 132.5)","(9.0, 11.5, 11.01388888888889)","(1.7, 1.85, 1.8395454545454546)"
07-01-2023 12:47:37.207498,"(7.5, 11.5, 11.013513513513514)","(19.0, 22.0, 21.571428571428573)","(7.0, 9.0, 8.61)","(8.0, 9.4, 9.055172413793104)","(101.0, 140.0, 132.5)","(9.0, 11.5, 11.01388888888889)","(1.7, 1.84, 1.8395454545454546)"
07-01-2023 12:47:38.239577,"(7.5, 11.5, 11.013513513513514)","(19.0, 22.0, 21.571428571428573)","(7.0, 9.0, 8.61)","(8.0, 9.4, 9.055172413793104)","(101.0, 140.0, 132.5)","(9.0, 11.5, 11.01388888888889)","(1.7, 1.84, 1.8326141078838174)"
07-01-2023 12:47:39.267918,"(7.5, 11.5, 11.013513513513514)","(19.0, 22.0, 21.571428571428573)","(7.0, 9.0, 8.61)","(8.0, 9.4, 9.055172413793104)","(101.0, 140.0, 132.5)","(9.0, 11.5, 10.928571428571429)","(1.7, 1.84, 1.8326470588235295)"
07-01-2023 12:47:40.217796,"(7.5, 11.5, 11.013513513513514)","(19.0, 22.0, 21.571428571428573)","(7.0, 9.0, 8.61)","(8.0, 9.4, 9.055172413793104)","(101.0, 140.0, 135.0)","(9.0, 11.0, 10.847826086956522)","(1.7, 1.84, 1.8332642487046633)"
07-01-2023 12:47:41.234833,"(7.5, 11.5, 11.013513513513514)","(19.0, 24.0, 22.4)","(7.0, 9.0, 8.61)","(8.0, 9.4, 9.055172413793104)","(101.0, 140.0, 135.0)","(9.0, 11.0, 10.847826086956522)","(1.7, 1.84, 1.8340909090909092)"
07-01-2023 12:47:42.340701,"(7.5, 11.5, 11.013513513513514)","(19.0, 24.0, 22.285714285714285)","(7.0, 9.0, 8.61951219512195)","(8.0, 9.4, 9.055172413793104)","(101.0, 150.0, 136.66666666666666)","(9.0, 11.0, 10.81578947368421)","(1.7, 1.84, 1.8326553672316386)"
07-01-2023 12:47:43.469018,"(7.5, 11.5, 11.013513513513514)","(19.0, 24.0, 22.285714285714285)","(7.0, 9.0, 8.641379310344828)","(8.0, 9.4, 9.055172413793104)","(101.0, 150.0, 136.66666666666666)","(9.0, 11.0, 10.74)","(1.7, 1.84, 1.8326553672316386)"
07-01-2023 12:47:44.617463,"(7.5, 11.5, 11.013513513513514)","(19.0, 24.0, 22.285714285714285)","(7.0, 9.0, 8.641379310344828)","(8.0, 9.4, 9.055172413793104)","(101.0, 150.0, 136.66666666666666)","(9.0, 11.0, 10.676470588235293)","(1.7, 1.84, 1.8326553672316386)"
07-01-2023 12:47:45.597170,"(7.5, 11.5, 11.013513513513514)","(19.0, 23.0, 22.285714285714285)","(7.0, 9.0, 8.641379310344828)","(8.0, 9.4, 9.055172413793104)","(101.0, 150.0, 136.66666666666666)","(9.0, 11.0, 10.676470588235293)","(1.7, 1.84, 1.8327167630057803)"
07-01-2023 12:47:46.638752,"(7.5, 11.5, 11.013513513513514)","(19.0, 23.0, 22.285714285714285)","(7.0, 9.0, 8.694117647058823)","(8.0, 9.4, 9.055172413793104)","(101.0, 150.0, 141.42857142857142)","(9.0, 11.0, 10.621212121212121)","(1.7, 1.84, 1.830381679389313)"
07-01-2023 12:47:47.660377,"(7.5, 11.5, 11.013513513513514)","(19.0, 23.0, 22.285714285714285)","(7.0, 9.0, 8.694117647058823)","(8.0, 9.4, 9.055172413793104)","(101.0, 150.0, 141.42857142857142)","(9.0, 11.0, 10.621212121212121)","(1.7, 1.84, 1.8331521739130436)"
07-01-2023 12:47:48.769379,"(7.5, 11.5, 11.013513513513514)","(19.0, 23.0, 22.285714285714285)","(7.0, 9.0, 8.694117647058823)","(8.0, 9.4, 9.055172413793104)","(101.0, 150.0, 141.42857142857142)","(9.0, 11.0, 10.621212121212121)","(1.7, 1.84, 1.8331521739130436)"
07-01-2023 12:47:49.919012,"(7.5, 11.5, 11.013513513513514)","(19.0, 23.0, 22.181818181818183)","(7.0, 9.0, 8.694117647058823)","(8.0, 9.4, 9.055172413793104)","(101.0, 150.0, 141.42857142857142)","(9.0, 11.0, 10.621212121212121)","(1.7, 1.84, 1.8342335766423359)"
07-01-2023 12:47:51.068846,"(7.5, 11.5, 11.013513513513514)","(19.0, 23.0, 22.181818181818183)","(7.0, 9.0, 8.694117647058823)","(8.0, 9.4, 9.055172413793104)","(101.0, 150.0, 141.42857142857142)","(9.0, 11.0, 10.621212121212121)","(1.7, 1.84, 1.8402962962962963)"
07-01-2023 12:47:52.213248,"(7.5, 11.5, 11.013513513513514)","(19.0, 23.0, 22.333333333333332)","(7.0, 9.0, 8.694117647058823)","(8.0, 9.4, 9.055172413793104)","(101.0, 150.0, 136.66666666666666)","(9.0, 11.0, 10.568965517241379)","(1.7, 1.85, 1.8308759124087592)"
07-01-2023 12:47:53.207579,"(7.5, 11.5, 11.013513513513514)","(19.0, 23.0, 22.333333333333332)","(7.0, 9.0, 8.694117647058823)","(8.0, 9.4, 9.055172413793104)","(101.0, 150.0, 136.66666666666666)","(9.0, 11.0, 10.568965517241379)","(1.7, 1.85, 1.8308759124087592)"
07-01-2023 12:47:54.356429,"(7.5, 11.5, 11.013513513513514)","(19.0, 23.0, 22.333333333333332)","(7.0, 9.0, 8.694117647058823)","(8.0, 9.4, 9.133333333333333)","(101.0, 150.0, 136.66666666666666)","(9.0, 11.0, 10.568965517241379)","(1.7, 1.85, 1.8308759124087592)"
07-01-2023 12:47:55.490272,"(7.5, 11.5, 11.013513513513514)","(19.0, 23.0, 22.333333333333332)","(7.0, 9.0, 8.694117647058823)","(8.0, 9.4, 9.13953488372093)","(101.0, 150.0, 136.66666666666666)","(9.0, 11.0, 10.568965517241379)","(1.7, 1.85, 1.8308759124087592)"
07-01-2023 12:47:56.762107,"(7.5, 11.5, 11.013513513513514)","(19.0, 23.0, 22.333333333333332)","(7.0, 9.0, 8.694117647058823)","(8.0, 9.4, 9.097297297297297)","(101.0, 150.0, 136.66666666666666)","(9.0, 11.0, 10.568965517241379)","(1.7, 1.85, 1.8327848101265825)"
07-01-2023 12:47:57.842923,"(7.5, 11.5, 11.013513513513514)","(19.0, 23.0, 22.333333333333332)","(7.0, 9.0, 8.694117647058823)","(8.0, 9.4, 9.097297297297297)","(101.0, 150.0, 136.66666666666666)","(9.0, 11.0, 10.568965517241379)","(1.7, 1.84, 1.8327848101265825)"
07-01-2023 12:47:59.197156,"(7.5, 11.5, 11.013513513513514)","(19.0, 23.0, 22.333333333333332)","(7.0, 9.0, 8.694117647058823)","(8.0, 9.4, 9.097297297297297)","(101.0, 150.0, 136.66666666666666)","(9.0, 11.0, 10.621212121212121)","(1.7, 1.84, 1.8327848101265825)"
07-01-2023 12:48:00.370305,"(7.5, 11.5, 11.013513513513514)","(19.0, 23.0, 22.23076923076923)","(7.0, 9.0, 8.694117647058823)","(8.0, 9.4, 9.097297297297297)","(101.0, 150.0, 136.66666666666666)","(9.0, 11.0, 10.621212121212121)","(1.7, 1.84, 1.8327848101265825)"
07-01-2023 12:48:01.567106,"(7.5, 11.5, 11.060975609756097)","(19.0, 23.0, 21.941176470588236)","(7.0, 9.0, 8.694117647058823)","(8.0, 9.4, 9.097297297297297)","(101.0, 150.0, 136.66666666666666)","(9.0, 11.0, 10.621212121212121)","(1.7, 1.84, 1.8327848101265825)"
07-01-2023 12:48:02.747339,"(7.5, 11.5, 11.060975609756097)","(19.0, 23.0, 21.941176470588236)","(7.0, 9.0, 8.694117647058823)","(8.0, 9.4, 9.064864864864864)","(101.0, 150.0, 136.66666666666666)","(9.0, 11.0, 10.679487179487179)","(1.7, 1.84, 1.8324117647058824)"
07-01-2023 12:48:03.816378,"(7.5, 11.5, 11.166666666666666)","(19.0, 23.0, 22.181818181818183)","(7.0, 9.0, 8.807407407407409)","(8.0, 9.4, 9.232432432432432)","(101.0, 150.0, 136.66666666666666)","(9.0, 11.0, 10.679487179487179)","(1.7, 1.84, 1.8323699421965318)"
07-01-2023 12:48:04.798532,"(7.5, 11.5, 11.2)","(19.0, 23.0, 22.181818181818183)","(7.0, 9.0, 8.807407407407409)","(8.0, 9.4, 9.232432432432432)","(101.0, 150.0, 136.66666666666666)","(9.0, 11.0, 10.679487179487179)","(1.7, 1.84, 1.8323699421965318)"
07-01-2023 12:48:05.860209,"(7.5, 11.5, 11.2)","(19.0, 23.0, 22.181818181818183)","(7.0, 9.0, 8.675)","(8.0, 9.4, 9.232432432432432)","(101.0, 150.0, 136.66666666666666)","(9.0, 11.0, 10.679487179487179)","(1.7, 1.84, 1.8388073394495414)"
07-01-2023 12:48:07.020049,"(7.5, 11.5, 11.2)","(19.0, 23.0, 22.181818181818183)","(7.0, 8.8, 8.742857142857144)","(8.0, 9.4, 9.381818181818183)","(101.0, 150.0, 136.66666666666666)","(9.0, 11.0, 10.679487179487179)","(1.7, 1.84, 1.8388073394495414)"
07-01-2023 12:48:08.180941,"(7.5, 11.5, 11.140625)","(19.0, 23.0, 22.153846153846153)","(7.0, 8.8, 8.685714285714287)","(8.0, 9.4, 9.380645161290323)","(101.0, 150.0, 136.66666666666666)","(9.0, 11.0, 10.68918918918919)","(1.7, 1.84, 1.8388073394495414)"
07-01-2023 12:48:09.225640,"(7.5, 11.5, 11.140625)","(19.0, 23.0, 22.153846153846153)","(7.0, 8.8, 8.685714285714287)","(8.0, 9.6, 9.380645161290323)","(101.0, 150.0, 136.66666666666666)","(9.0, 11.0, 10.68918918918919)","(1.7, 1.84, 1.8388073394495414)"
07-01-2023 12:48:10.303279,"(7.5, 11.5, 11.140625)","(19.0, 23.0, 23.785714285714285)","(7.0, 8.8, 8.685714285714287)","(8.0, 9.6, 9.36)","(101.0, 150.0, 136.66666666666666)","(9.0, 11.0, 10.68918918918919)","(1.7, 1.84, 1.8225675675675677)"
07-01-2023 12:48:11.440494,"(7.5, 11.5, 10.952380952380953)","(19.0, 24.0, 23.785714285714285)","(7.0, 8.8, 8.685714285714287)","(8.0, 9.6, 9.34736842105263)","(101.0, 150.0, 136.66666666666666)","(8.5, 11.0, 10.712121212121213)","(1.7, 1.83, 1.825563909774436)"
07-01-2023 12:48:12.641338,"(7.5, 11.5, 10.91304347826087)","(19.0, 24.0, 23.6)","(7.0, 8.8, 8.564705882352941)","(8.0, 9.6, 9.43)","(101.0, 150.0, 136.66666666666666)","(8.5, 11.0, 10.712121212121213)","(1.7, 1.83, 1.8234444444444444)"
07-01-2023 12:48:13.824481,"(7.5, 11.5, 10.91304347826087)","(19.0, 24.0, 23.6)","(7.0, 8.8, 8.564705882352941)","(8.0, 9.6, 9.483333333333334)","(101.0, 150.0, 136.66666666666666)","(8.5, 11.0, 10.712121212121213)","(1.7, 1.83, 1.8234444444444444)"
07-01-2023 12:48:14.948142,"(7.5, 11.5, 10.91304347826087)","(19.0, 24.0, 23.6)","(7.0, 8.8, 8.564705882352941)","(8.0, 9.6, 9.476923076923077)","(101.0, 150.0, 136.66666666666666)","(8.5, 11.0, 10.712121212121213)","(1.7, 1.83, 1.815242718446602)"
07-01-2023 12:48:15.988997,"(7.5, 11.5, 11.05)","(19.0, 24.0, 23.642857142857142)","(7.0, 8.8, 8.626086956521739)","(8.0, 9.6, 9.491428571428571)","(101.0, 150.0, 174.44444444444446)","(8.5, 11.0, 10.803030303030303)","(1.7, 1.82, 1.8239344262295083)"
07-01-2023 12:48:17.102310,"(7.5, 11.5, 10.98076923076923)","(19.0, 24.0, 23.642857142857142)","(7.0, 8.8, 8.604878048780488)","(8.0, 9.6, 9.491428571428571)","(101.0, 180.0, 174.44444444444446)","(8.5, 11.0, 10.803030303030303)","(1.7, 1.83, 1.8239344262295083)"
07-01-2023 12:48:18.304490,"(7.5, 11.5, 10.98076923076923)","(19.0, 24.0, 23.642857142857142)","(7.0, 8.8, 8.604878048780488)","(8.0, 9.6, 9.491428571428571)","(101.0, 180.0, 174.44444444444446)","(8.5, 11.0, 10.803030303030303)","(1.7, 1.83, 1.8239344262295083)"
07-01-2023 12:48:19.533994,"(7.5, 11.5, 10.98076923076923)","(19.0, 24.0, 23.642857142857142)","(7.0, 8.8, 8.575)","(8.0, 9.6, 9.491428571428571)","(101.0, 180.0, 174.44444444444446)","(8.5, 11.0, 10.819444444444445)","(1.7, 1.83, 1.8183333333333334)"
07-01-2023 12:48:20.687787,"(7.5, 11.5, 11.03448275862069)","(19.0, 24.0, 23.642857142857142)","(7.0, 8.6, 8.575)","(8.0, 9.6, 9.448)","(101.0, 180.0, 174.44444444444446)","(8.5, 11.0, 10.725)","(1.7, 1.82, 1.8189473684210526)"
07-01-2023 12:48:21.768952,"(7.5, 11.5, 11.090909090909092)","(19.0, 24.0, 23.41176470588235)","(7.0, 8.6, 8.539130434782608)","(8.0, 9.6, 9.448)","(101.0, 180.0, 174.44444444444446)","(8.5, 11.0, 10.725)","(1.7, 1.82, 1.8189473684210526)"
07-01-2023 12:48:22.798518,"(7.5, 11.5, 11.090909090909092)","(19.0, 24.0, 23.41176470588235)","(7.0, 8.6, 8.568421052631578)","(8.0, 9.6, 9.454545454545455)","(101.0, 180.0, 174.44444444444446)","(8.5, 11.0, 10.758064516129032)","(1.7, 1.82, 1.8110181818181819)"
07-01-2023 12:48:23.922523,"(7.5, 11.5, 10.948979591836734)","(19.0, 24.0, 23.375)","(7.0, 8.6, 8.59047619047619)","(8.0, 9.6, 9.454545454545455)","(101.0, 180.0, 174.44444444444446)","(8.5, 11.0, 10.758064516129032)","(1.7, 1.83, 1.8183333333333334)"
07-01-2023 12:48:25.043584,"(7.5, 11.5, 11.017857142857142)","(19.0, 24.0, 23.375)","(7.0, 8.6, 8.5875)","(8.0, 9.6, 9.442857142857143)","(101.0, 180.0, 174.44444444444446)","(8.5, 11.0, 10.666666666666666)","(1.7, 1.82, 1.8189622641509435)"
07-01-2023 12:48:26.024440,"(7.5, 11.5, 11.017857142857142)","(19.0, 24.0, 23.352941176470587)","(7.0, 8.6, 8.5875)","(8.0, 9.6, 9.442857142857143)","(101.0, 180.0, 174.44444444444446)","(8.5, 11.0, 10.666666666666666)","(1.7, 1.82, 1.8189622641509435)"
07-01-2023 12:48:27.050606,"(7.5, 11.5, 11.017857142857142)","(19.0, 24.0, 23.352941176470587)","(7.0, 8.6, 8.5875)","(8.0, 9.6, 9.442857142857143)","(101.0, 180.0, 174.44444444444446)","(8.5, 11.0, 10.630434782608695)","(1.7, 1.82, 1.8206674612634088)"
07-01-2023 12:48:28.084766,"(7.5, 11.5, 10.948979591836734)","(19.0, 24.0, 23.0625)","(7.0, 8.6, 8.596)","(8.0, 9.6, 9.442857142857143)","(101.0, 180.0, 174.44444444444446)","(8.5, 11.0, 10.61111111111111)","(1.7, 1.83, 1.8206674612634088)"
07-01-2023 12:48:29.285398,"(7.5, 11.5, 10.948979591836734)","(19.0, 24.0, 23.0625)","(7.0, 8.6, 8.59655172413793)","(8.0, 9.6, 9.442857142857143)","(101.0, 180.0, 174.44444444444446)","(8.5, 11.0, 10.61111111111111)","(1.7, 1.83, 1.8215384615384616)"
07-01-2023 12:48:30.516782,"(7.5, 11.5, 10.948979591836734)","(19.0, 24.0, 23.0625)","(6.5, 8.6, 8.594285714285714)","(8.0, 9.6, 9.442857142857143)","(101.0, 180.0, 174.44444444444446)","(8.5, 11.0, 10.538461538461538)","(1.7, 1.83, 1.835083109919571)"
07-01-2023 12:48:31.661532,"(7.5, 11.0, 10.818181818181818)","(19.0, 24.0, 22.42105263157895)","(6.5, 8.6, 8.594285714285714)","(8.0, 9.6, 9.442857142857143)","(101.0, 180.0, 174.44444444444446)","(8.5, 11.0, 10.571428571428571)","(1.7, 1.85, 1.840472602739726)"
07-01-2023 12:48:32.677056,"(7.5, 11.0, 10.85)","(19.0, 24.0, 22.137931034482758)","(6.5, 8.6, 8.594285714285714)","(8.0, 9.6, 9.442857142857143)","(101.0, 180.0, 174.44444444444446)","(8.5, 11.0, 10.614285714285714)","(1.7, 1.85, 1.8349375)"
07-01-2023 12:48:33.780381,"(7.5, 11.0, 10.92)","(19.0, 24.0, 22.137931034482758)","(6.5, 8.6, 8.594285714285714)","(8.0, 9.6, 9.442857142857143)","(101.0, 180.0, 174.44444444444446)","(8.5, 11.0, 10.614285714285714)","(1.7, 1.85, 1.8349375)"
07-01-2023 12:48:34.916072,"(7.5, 11.0, 10.894736842105264)","(19.0, 23.0, 22.466666666666665)","(6.5, 8.6, 8.594285714285714)","(8.0, 9.6, 9.442857142857143)","(101.0, 180.0, 174.44444444444446)","(8.5, 11.0, 10.614285714285714)","(1.7, 1.85, 1.8349375)"
07-01-2023 12:48:36.023723,"(7.5, 11.0, 10.894736842105264)","(19.0, 23.0, 22.157894736842106)","(6.5, 8.6, 8.586666666666666)","(8.0, 9.6, 9.442857142857143)","(101.0, 180.0, 174.44444444444446)","(8.5, 11.0, 10.5)","(1.7, 1.85, 1.8406224066390042)"
07-01-2023 12:48:37.209083,"(7.5, 11.0, 10.826086956521738)","(19.0, 23.0, 21.22222222222222)","(6.5, 8.6, 8.586666666666666)","(8.0, 9.6, 9.442857142857143)","(101.0, 180.0, 174.44444444444446)","(8.5, 11.0, 10.5)","(1.7, 1.85, 1.8405847953216374)"
07-01-2023 12:48:38.206172,"(7.5, 11.0, 10.894736842105264)","(19.0, 23.0, 21.666666666666668)","(6.5, 8.6, 8.586666666666666)","(8.0, 9.6, 9.442857142857143)","(101.0, 180.0, 174.44444444444446)","(8.5, 11.0, 10.5)","(1.7, 1.85, 1.8405847953216374)"
07-01-2023 12:48:39.273699,"(7.5, 11.0, 10.894736842105264)","(19.0, 23.0, 21.666666666666668)","(6.5, 8.6, 8.586666666666666)","(8.0, 9.6, 9.442857142857143)","(101.0, 180.0, 174.44444444444446)","(8.5, 11.0, 10.564516129032258)","(1.7, 1.85, 1.8405832793259884)"
07-01-2023 12:48:40.443119,"(7.5, 11.0, 10.894736842105264)","(19.0, 23.0, 22.609756097560975)","(6.5, 8.6, 8.577777777777778)","(8.0, 9.6, 9.442857142857143)","(101.0, 180.0, 174.44444444444446)","(8.5, 11.0, 10.636363636363637)","(1.7, 1.85, 1.8350185283218634)"
07-01-2023 12:48:41.569524,"(7.5, 11.0, 10.894736842105264)","(19.0, 23.0, 22.36)","(6.5, 8.6, 8.577777777777778)","(8.0, 9.6, 9.442857142857143)","(101.0, 180.0, 174.44444444444446)","(8.5, 11.0, 10.636363636363637)","(1.7, 1.85, 1.8351409978308026)"
07-01-2023 12:48:42.712188,"(7.5, 11.0, 10.894736842105264)","(19.0, 23.0, 22.36)","(6.5, 8.6, 8.577777777777778)","(8.0, 9.6, 9.442857142857143)","(101.0, 180.0, 174.44444444444446)","(8.5, 11.0, 10.636363636363637)","(1.7, 1.85, 1.8351409978308026)"
07-01-2023 12:48:43.878420,"(7.5, 11.0, 10.894736842105264)","(19.0, 23.0, 22.214285714285715)","(6.5, 8.6, 8.577777777777778)","(8.0, 9.6, 9.442857142857143)","(101.0, 180.0, 174.44444444444446)","(8.5, 11.0, 10.636363636363637)","(1.7, 1.85, 1.8351409978308026)"
07-01-2023 12:48:44.967443,"(7.5, 11.0, 10.894736842105264)","(19.0, 23.0, 22.214285714285715)","(6.5, 8.6, 8.577777777777778)","(8.0, 9.6, 9.442857142857143)","(101.0, 180.0, 174.44444444444446)","(8.5, 11.0, 10.636363636363637)","(1.7, 1.85, 1.8351409978308026)"
07-01-2023 12:48:45.938788,"(7.5, 11.0, 10.894736842105264)","(19.0, 23.0, 22.214285714285715)","(6.5, 8.6, 8.577777777777778)","(8.0, 9.6, 9.442857142857143)","(101.0, 180.0, 174.44444444444446)","(8.5, 11.0, 10.472727272727273)","(1.7, 1.85, 1.8351409978308026)"
07-01-2023 12:48:47.059325,"(7.5, 11.5, 10.977272727272727)","(19.0, 23.0, 22.083333333333332)","(6.5, 8.6, 8.577777777777778)","(8.0, 9.6, 9.442857142857143)","(101.0, 180.0, 174.44444444444446)","(8.5, 11.0, 10.5)","(1.7, 1.85, 1.8351409978308026)"
07-01-2023 12:48:48.185378,"(7.5, 11.5, 10.9375)","(19.0, 23.0, 22.083333333333332)","(6.5, 8.6, 8.577777777777778)","(8.0, 9.6, 9.442857142857143)","(101.0, 180.0, 174.44444444444446)","(8.5, 11.0, 10.472727272727273)","(1.7, 1.85, 1.834288990825688)"
07-01-2023 12:48:49.365316,"(7.5, 11.5, 10.9375)","(19.0, 23.0, 22.083333333333332)","(6.5, 8.6, 8.577777777777778)","(8.0, 9.6, 9.442857142857143)","(101.0, 180.0, 174.44444444444446)","(8.5, 11.0, 10.472727272727273)","(1.7, 1.85, 1.834288990825688)"
07-01-2023 12:48:50.602438,"(7.5, 11.5, 10.9375)","(19.0, 23.0, 22.083333333333332)","(6.5, 8.6, 8.577777777777778)","(8.0, 9.6, 9.442857142857143)","(101.0, 180.0, 174.44444444444446)","(8.5, 11.0, 10.380952380952381)","(1.7, 1.85, 1.8410912052117265)"
07-01-2023 12:48:51.761957,"(7.5, 11.5, 10.948979591836734)","(19.0, 23.0, 21.88888888888889)","(6.5, 8.6, 8.577777777777778)","(8.0, 9.6, 9.442857142857143)","(101.0, 180.0, 174.44444444444446)","(8.5, 10.5, 10.416666666666666)","(1.7, 1.85, 1.8456540084388187)"
07-01-2023 12:48:53.007311,"(7.5, 11.5, 10.923076923076923)","(19.0, 23.0, 21.88888888888889)","(6.5, 8.6, 8.514285714285714)","(8.0, 9.6, 9.368421052631579)","(101.0, 180.0, 174.44444444444446)","(8.5, 10.5, 10.441176470588236)","(1.7, 1.85, 1.8583517835178354)"
07-01-2023 12:48:54.231930,"(7.5, 11.0, 10.92)","(19.0, 23.0, 21.88888888888889)","(6.5, 8.6, 8.514285714285714)","(8.0, 9.6, 9.368421052631579)","(101.0, 180.0, 174.44444444444446)","(8.5, 10.5, 10.441176470588236)","(1.7, 1.86, 1.8693506493506495)"
07-01-2023 12:48:55.478389,"(7.5, 11.0, 10.85)","(19.0, 23.0, 21.88888888888889)","(6.5, 8.6, 8.51578947368421)","(8.0, 9.4, 9.352941176470589)","(101.0, 180.0, 174.44444444444446)","(8.5, 10.5, 10.441176470588236)","(1.7, 1.87, 1.8693506493506495)"
07-01-2023 12:48:56.747127,"(7.5, 11.0, 10.85)","(19.0, 23.0, 21.88888888888889)","(6.5, 8.6, 8.51578947368421)","(8.0, 9.4, 9.352941176470589)","(101.0, 180.0, 174.44444444444446)","(8.5, 10.5, 10.375)","(1.7, 1.87, 1.8697297297297297)"
07-01-2023 12:48:57.966417,"(7.5, 11.0, 10.8125)","(19.0, 23.0, 21.923076923076923)","(6.5, 8.6, 8.528888888888888)","(8.0, 9.2, 9.169230769230769)","(101.0, 180.0, 174.44444444444446)","(8.5, 10.5, 10.375)","(1.7, 1.89, 1.8828301886792451)"
07-01-2023 12:48:59.153999,"(7.5, 11.0, 10.777777777777779)","(19.0, 22.0, 21.258064516129032)","(6.5, 8.6, 8.528888888888888)","(8.0, 9.2, 9.169230769230769)","(101.0, 180.0, 174.44444444444446)","(8.5, 10.5, 10.375)","(1.7, 1.89, 1.88)"
07-01-2023 12:49:00.327225,"(7.5, 11.0, 10.894736842105264)","(19.0, 22.0, 21.308641975308642)","(6.5, 8.6, 8.458823529411765)","(8.0, 9.6, 9.205714285714286)","(101.0, 180.0, 174.44444444444446)","(8.5, 10.5, 10.375)","(1.7, 1.88, 1.8541545893719809)"
07-01-2023 12:49:01.446790,"(7.5, 11.5, 10.916666666666666)","(19.0, 22.0, 20.857142857142858)","(6.5, 8.6, 8.458823529411765)","(8.0, 9.6, 9.3)","(101.0, 180.0, 174.44444444444446)","(8.5, 10.5, 10.375)","(1.7, 1.87, 1.856448087431694)"
07-01-2023 12:49:02.604989,"(7.5, 11.5, 10.9)","(19.0, 21.0, 20.952380952380953)","(6.5, 8.6, 8.458823529411765)","(8.0, 9.4, 9.3)","(101.0, 180.0, 174.44444444444446)","(8.5, 10.5, 10.375)","(1.7, 1.87, 1.8551497005988025)"
07-01-2023 12:49:03.642146,"(7.5, 11.5, 10.9)","(19.0, 21.0, 20.952380952380953)","(6.5, 8.6, 8.458823529411765)","(8.0, 9.4, 9.633333333333333)","(101.0, 180.0, 174.44444444444446)","(8.5, 10.5, 10.375)","(1.7, 1.87, 1.8510204081632653)"
07-01-2023 12:49:04.760077,"(7.5, 11.5, 10.857142857142858)","(19.0, 21.0, 20.8)","(6.5, 8.8, 8.642424242424243)","(8.0, 9.8, 9.726315789473684)","(101.0, 180.0, 174.44444444444446)","(8.5, 10.5, 10.375)","(1.7, 1.86, 1.850900900900901)"
07-01-2023 12:49:05.836512,"(7.5, 11.5, 10.857142857142858)","(19.0, 21.0, 20.8)","(6.5, 8.8, 8.504347826086956)","(8.0, 9.8, 9.600000000000001)","(101.0, 180.0, 174.44444444444446)","(8.5, 10.5, 10.375)","(1.7, 1.86, 1.858)"
07-01-2023 12:49:06.946124,"(7.5, 11.5, 10.857142857142858)","(19.0, 21.0, 20.8)","(6.5, 8.8, 8.504347826086956)","(8.0, 9.8, 9.600000000000001)","(101.0, 180.0, 192.22222222222223)","(8.5, 10.5, 10.375)","(1.7, 1.86, 1.854)"
07-01-2023 12:49:07.984617,"(7.5, 11.5, 10.857142857142858)","(19.0, 21.0, 20.166666666666668)","(6.5, 8.8, 8.5875)","(8.0, 9.8, 9.600000000000001)","(101.0, 200.0, 192.22222222222223)","(8.5, 10.5, 10.375)","(1.7, 1.86, 1.855497076023392)"
07-01-2023 12:49:08.959926,"(7.5, 11.5, 10.857142857142858)","(19.0, 22.0, 20.75)","(6.5, 8.8, 8.5875)","(8.0, 9.8, 9.545454545454545)","(101.0, 200.0, 192.22222222222223)","(8.5, 10.5, 10.25)","(1.7, 1.87, 1.857843137254902)"
07-01-2023 12:49:10.072902,"(7.5, 11.5, 10.857142857142858)","(19.0, 21.0, 20.5)","(6.5, 8.8, 8.5875)","(8.0, 9.6, 9.5)","(101.0, 200.0, 192.22222222222223)","(8.5, 10.5, 10.25)","(1.7, 1.87, 1.857843137254902)"
07-01-2023 12:49:11.171805,"(7.5, 11.5, 10.857142857142858)","(19.0, 22.0, 20.901639344262296)","(6.5, 8.8, 8.546666666666667)","(8.0, 9.6, 9.485714285714286)","(101.0, 200.0, 192.22222222222223)","(8.5, 10.5, 10.25)","(1.7, 1.87, 1.857843137254902)"
07-01-2023 12:49:12.316635,"(7.5, 11.5, 10.857142857142858)","(19.0, 21.0, 20.714285714285715)","(6.5, 8.8, 8.546666666666667)","(8.0, 9.6, 9.485714285714286)","(101.0, 200.0, 192.22222222222223)","(8.5, 10.5, 10.25)","(1.7, 1.87, 1.857843137254902)"
07-01-2023 12:49:13.545559,"(7.5, 11.5, 10.857142857142858)","(19.0, 22.0, 21.596774193548388)","(6.5, 8.8, 8.546666666666667)","(8.0, 9.6, 9.485714285714286)","(101.0, 200.0, 192.22222222222223)","(8.5, 10.5, 10.15)","(1.7, 1.87, 1.8601587301587303)"
07-01-2023 12:49:14.709448,"(7.5, 11.5, 10.857142857142858)","(19.0, 22.0, 21.62686567164179)","(6.5, 8.8, 8.546666666666667)","(8.0, 9.6, 9.485714285714286)","(101.0, 200.0, 192.22222222222223)","(8.5, 10.5, 10.475)","(1.7, 1.87, 1.8609489051094892)"
07-01-2023 12:49:15.831650,"(7.5, 11.5, 10.857142857142858)","(19.0, 22.0, 21.6)","(6.5, 8.8, 8.469565217391304)","(8.0, 9.6, 9.485714285714286)","(101.0, 200.0, 192.22222222222223)","(8.5, 10.5, 10.433333333333334)","(1.7, 1.87, 1.8671264367816094)"
07-01-2023 12:49:16.881789,"(7.5, 11.5, 10.857142857142858)","(19.0, 21.0, 20.666666666666668)","(6.5, 8.8, 8.469565217391304)","(8.0, 9.6, 9.485714285714286)","(101.0, 200.0, 192.22222222222223)","(8.5, 10.5, 10.342105263157894)","(1.7, 1.87, 1.862857142857143)"
07-01-2023 12:49:18.047502,"(7.5, 11.5, 10.857142857142858)","(19.0, 21.0, 20.72222222222222)","(6.5, 8.8, 8.618181818181819)","(8.0, 9.6, 9.485714285714286)","(101.0, 200.0, 192.22222222222223)","(8.5, 10.5, 10.342105263157894)","(1.7, 1.87, 1.8696273291925467)"
07-01-2023 12:49:19.173652,"(7.5, 11.5, 10.857142857142858)","(19.0, 21.0, 20.366666666666667)","(6.5, 8.8, 8.618181818181819)","(8.0, 9.6, 9.546666666666667)","(101.0, 200.0, 192.22222222222223)","(8.5, 10.5, 10.342105263157894)","(1.7, 1.87, 1.8696273291925467)"
07-01-2023 12:49:20.297795,"(7.5, 11.5, 10.857142857142858)","(19.0, 21.0, 20.349056603773583)","(6.5, 8.8, 8.618181818181819)","(8.0, 9.6, 9.526315789473683)","(101.0, 200.0, 192.22222222222223)","(8.5, 10.5, 10.342105263157894)","(1.7, 1.87, 1.8696273291925467)"
07-01-2023 12:49:21.417892,"(8.0, 11.5, 10.857142857142858)","(19.0, 22.0, 21.178571428571427)","(6.5, 8.8, 8.618181818181819)","(8.0, 9.6, 9.526315789473683)","(101.0, 200.0, 192.22222222222223)","(8.5, 10.5, 10.119047619047619)","(1.7, 1.87, 1.8696273291925467)"
07-01-2023 12:49:22.492374,"(8.0, 11.5, 10.857142857142858)","(19.0, 21.0, 20.952380952380953)","(6.5, 8.8, 8.600000000000001)","(8.0, 9.4, 9.3)","(101.0, 200.0, 192.22222222222223)","(8.5, 10.5, 10.119047619047619)","(1.7, 1.87, 1.8694736842105264)"
07-01-2023 12:49:23.530496,"(8.0, 11.5, 10.857142857142858)","(19.0, 21.0, 20.952380952380953)","(6.5, 8.8, 8.622222222222224)","(8.0, 9.4, 9.272727272727272)","(101.0, 200.0, 192.22222222222223)","(8.5, 10.5, 10.119047619047619)","(1.7, 1.87, 1.8625)"
07-01-2023 12:49:24.626483,"(8.0, 11.5, 10.857142857142858)","(19.0, 21.0, 20.666666666666668)","(6.5, 8.8, 8.622222222222224)","(8.0, 9.4, 9.272727272727272)","(101.0, 200.0, 192.22222222222223)","(8.5, 10.5, 10.13888888888889)","(1.7, 1.87, 1.8671200000000001)"
07-01-2023 12:49:25.820640,"(8.0, 11.5, 10.9)","(19.0, 21.0, 20.6)","(6.5, 8.8, 8.7)","(8.0, 9.2, 9.11111111111111)","(101.0, 200.0, 192.22222222222223)","(8.5, 10.5, 10.26530612244898)","(1.7, 1.87, 1.8633640552995392)"
07-01-2023 12:49:26.992127,"(8.0, 11.5, 10.9)","(19.0, 21.0, 20.333333333333332)","(6.5, 8.8, 8.7)","(8.0, 9.2, 9.11111111111111)","(101.0, 200.0, 192.22222222222223)","(8.5, 11.0, 10.290909090909091)","(1.7, 1.87, 1.8684962406015038)"
07-01-2023 12:49:28.059131,"(8.0, 11.5, 10.9)","(19.0, 21.0, 20.266666666666666)","(6.5, 8.8, 8.7)","(8.0, 9.2, 9.11111111111111)","(101.0, 200.0, 191.25)","(8.5, 11.0, 10.290909090909091)","(1.7, 1.87, 1.8636904761904762)"
07-01-2023 12:49:29.317285,"(8.0, 11.5, 10.9)","(19.0, 21.0, 20.266666666666666)","(6.5, 8.8, 8.7)","(8.0, 9.2, 9.11111111111111)","(101.0, 200.0, 191.25)","(8.5, 11.0, 10.290909090909091)","(1.7, 1.87, 1.8636904761904762)"
07-01-2023 12:49:30.654762,"(8.0, 11.5, 10.9)","(19.0, 21.0, 20.214285714285715)","(6.5, 8.8, 8.7)","(8.0, 9.2, 9.12258064516129)","(101.0, 200.0, 191.25)","(8.5, 11.0, 10.290909090909091)","(1.7, 1.87, 1.8636904761904762)"
07-01-2023 12:49:31.901444,"(8.0, 11.5, 10.9)","(19.0, 21.0, 20.214285714285715)","(6.5, 8.8, 8.7)","(8.0, 9.2, 9.05)","(101.0, 200.0, 191.25)","(8.5, 11.0, 10.133333333333333)","(1.7, 1.88, 1.864375)"
07-01-2023 12:49:33.217357,"(8.0, 11.5, 10.9)","(19.0, 21.0, 20.214285714285715)","(6.5, 8.8, 8.7)","(8.0, 9.2, 9.077777777777778)","(101.0, 200.0, 191.25)","(8.5, 11.0, 10.152173913043478)","(1.7, 1.88, 1.8616000000000001)"
07-01-2023 12:49:34.395363,"(8.0, 11.5, 10.9)","(19.0, 21.0, 20.0625)","(6.5, 9.0, 8.77142857142857)","(8.0, 9.0, 8.90344827586207)","(101.0, 200.0, 191.25)","(8.5, 11.0, 10.152173913043478)","(1.7, 1.87, 1.864)"
07-01-2023 12:49:35.477023,"(8.0, 11.5, 10.9)","(19.0, 21.0, 20.05263157894737)","(6.5, 9.0, 8.68)","(8.0, 9.0, 8.932631578947369)","(101.0, 200.0, 191.25)","(8.5, 11.0, 10.152173913043478)","(1.7, 1.87, 1.864)"
07-01-2023 12:49:36.598265,"(8.0, 11.5, 10.9)","(19.0, 21.0, 20.05263157894737)","(6.5, 9.0, 8.68)","(8.0, 9.0, 8.932631578947369)","(101.0, 200.0, 191.25)","(8.5, 11.0, 10.152173913043478)","(1.7, 1.87, 1.864)"
07-01-2023 12:49:37.726314,"(8.0, 11.5, 10.9)","(18.0, 21.0, 20.05263157894737)","(6.5, 9.0, 8.68)","(8.0, 9.0, 8.831578947368422)","(101.0, 200.0, 191.25)","(8.5, 11.0, 10.152173913043478)","(1.7, 1.87, 1.864)"
07-01-2023 12:49:38.796099,"(8.0, 11.5, 10.9)","(18.0, 21.0, 20.05263157894737)","(6.5, 9.0, 8.68)","(8.0, 9.0, 8.831578947368422)","(101.0, 200.0, 191.25)","(8.5, 11.0, 10.152173913043478)","(1.7, 1.87, 1.864)"
07-01-2023 12:49:39.925933,"(8.0, 11.5, 10.9)","(18.0, 20.0, 19.88888888888889)","(6.5, 9.0, 8.941176470588236)","(8.0, 9.0, 8.831578947368422)","(101.0, 200.0, 193.33333333333334)","(8.5, 11.0, 10.152173913043478)","(1.7, 1.87, 1.864)"
07-01-2023 12:49:41.016162,"(8.0, 11.5, 10.9)","(18.0, 21.0, 20.307692307692307)","(6.5, 9.0, 8.941176470588236)","(8.0, 9.0, 8.831578947368422)","(101.0, 200.0, 175.0)","(8.5, 11.0, 10.152173913043478)","(1.7, 1.87, 1.8726744186046511)"
07-01-2023 12:49:42.163304,"(8.0, 11.5, 10.9)","(18.0, 21.0, 20.307692307692307)","(6.5, 9.0, 8.847619047619048)","(8.0, 9.0, 8.831578947368422)","(101.0, 200.0, 175.0)","(8.5, 11.0, 10.152173913043478)","(1.7, 1.88, 1.878099173553719)"
07-01-2023 12:49:43.431295,"(8.0, 11.5, 10.807692307692308)","(18.0, 21.0, 20.2875)","(6.5, 9.0, 8.847619047619048)","(8.0, 9.0, 8.831578947368422)","(101.0, 200.0, 175.0)","(8.5, 11.0, 10.152173913043478)","(1.7, 1.88, 1.8777083333333333)"
07-01-2023 12:49:44.663498,"(8.0, 11.5, 10.807692307692308)","(18.0, 21.0, 20.2875)","(6.5, 9.0, 8.847619047619048)","(8.0, 9.0, 8.823076923076924)","(101.0, 200.0, 175.0)","(8.5, 11.0, 10.152173913043478)","(1.7, 1.88, 1.87544776119403)"
07-01-2023 12:49:45.742312,"(8.0, 11.5, 10.807692307692308)","(18.0, 21.0, 20.2875)","(6.5, 9.0, 8.847619047619048)","(8.0, 9.0, 8.8375)","(101.0, 200.0, 180.0)","(8.5, 11.0, 10.152173913043478)","(1.7, 1.88, 1.8775735294117646)"
07-01-2023 12:49:46.824051,"(8.0, 11.5, 10.807692307692308)","(18.0, 21.0, 20.2875)","(6.5, 9.0, 8.811764705882354)","(8.0, 9.0, 8.866666666666667)","(101.0, 200.0, 165.0)","(8.5, 11.0, 10.152173913043478)","(1.7, 1.88, 1.8775735294117646)"
07-01-2023 12:49:47.863428,"(8.0, 11.5, 10.807692307692308)","(18.0, 21.0, 20.2875)","(6.5, 9.0, 8.811764705882354)","(8.0, 9.0, 8.866666666666667)","(101.0, 190.0, 154.28571428571428)","(8.5, 11.0, 10.152173913043478)","(1.7, 1.88, 1.8775735294117646)"
07-01-2023 12:49:48.928777,"(8.0, 11.5, 10.807692307692308)","(18.0, 21.0, 20.2875)","(6.5, 9.0, 8.811764705882354)","(8.0, 9.0, 8.866666666666667)","(101.0, 190.0, 154.28571428571428)","(8.5, 11.0, 10.152173913043478)","(1.7, 1.88, 1.8775735294117646)"
07-01-2023 12:49:49.970728,"(8.0, 11.5, 10.807692307692308)","(18.0, 21.0, 20.2875)","(6.5, 9.0, 8.811764705882354)","(8.0, 9.0, 9.09655172413793)","(101.0, 190.0, 154.28571428571428)","(8.5, 11.0, 10.048780487804878)","(1.7, 1.88, 1.8775735294117646)"
07-01-2023 12:49:51.047623,"(8.0, 11.5, 10.807692307692308)","(18.0, 21.0, 20.296296296296298)","(6.5, 9.0, 8.872)","(8.0, 9.2, 9.09655172413793)","(101.0, 190.0, 154.28571428571428)","(8.5, 11.0, 10.045454545454545)","(1.7, 1.88, 1.8753535353535353)"
07-01-2023 12:49:52.128820,"(8.0, 11.5, 10.807692307692308)","(18.0, 21.0, 20.387096774193548)","(6.5, 9.0, 8.8)","(8.0, 9.2, 8.973333333333333)","(101.0, 190.0, 154.28571428571428)","(8.5, 10.5, 10.030303030303031)","(1.7, 1.89, 1.882625)"
07-01-2023 12:49:53.121884,"(8.0, 11.5, 10.807692307692308)","(18.0, 21.0, 20.387096774193548)","(6.5, 9.0, 8.826086956521738)","(8.0, 9.2, 8.973333333333333)","(101.0, 190.0, 154.28571428571428)","(8.5, 10.5, 10.030303030303031)","(1.7, 1.89, 1.877578947368421)"
07-01-2023 12:49:54.194865,"(8.0, 11.5, 10.807692307692308)","(18.0, 21.0, 20.387096774193548)","(6.5, 9.0, 8.8)","(8.0, 9.2, 9.038095238095238)","(101.0, 190.0, 154.28571428571428)","(8.5, 10.5, 10.030303030303031)","(1.7, 1.89, 1.877578947368421)"
07-01-2023 12:49:55.228398,"(8.0, 11.5, 10.807692307692308)","(18.0, 21.0, 20.387096774193548)","(6.5, 9.0, 8.8)","(8.0, 9.2, 9.038095238095238)","(101.0, 190.0, 154.28571428571428)","(8.5, 10.5, 10.030303030303031)","(1.7, 1.89, 1.8720879120879121)"
07-01-2023 12:49:56.346110,"(8.0, 11.5, 10.807692307692308)","(18.0, 22.0, 21.5)","(6.5, 9.0, 8.71111111111111)","(8.0, 9.2, 8.9)","(101.0, 190.0, 154.28571428571428)","(8.5, 10.5, 10.030303030303031)","(1.7, 1.88, 1.8749295774647887)"
07-01-2023 12:49:57.507236,"(8.0, 11.5, 10.807692307692308)","(18.0, 22.0, 21.684210526315788)","(6.5, 9.0, 8.71111111111111)","(8.0, 9.0, 8.953488372093023)","(101.0, 190.0, 154.28571428571428)","(8.5, 10.5, 10.030303030303031)","(1.7, 1.88, 1.8749295774647887)"
07-01-2023 12:49:58.684515,"(8.0, 11.5, 10.807692307692308)","(18.0, 22.0, 21.565217391304348)","(6.5, 9.0, 8.71111111111111)","(8.0, 9.0, 9.075)","(101.0, 190.0, 154.28571428571428)","(8.5, 10.5, 10.030303030303031)","(1.7, 1.88, 1.8735714285714284)"
07-01-2023 12:49:59.791923,"(8.0, 11.5, 10.807692307692308)","(18.0, 22.0, 21.565217391304348)","(6.5, 9.0, 8.71111111111111)","(8.0, 9.2, 9.053846153846154)","(101.0, 190.0, 154.28571428571428)","(8.5, 10.5, 10.024390243902438)","(1.7, 1.88, 1.8735714285714284)"
07-01-2023 12:50:00.819931,"(8.0, 11.5, 10.807692307692308)","(18.0, 22.0, 21.901639344262296)","(6.5, 9.0, 8.71111111111111)","(8.0, 9.2, 9.053846153846154)","(101.0, 190.0, 154.28571428571428)","(8.5, 10.5, 10.024390243902438)","(1.7, 1.88, 1.8648854961832062)"
07-01-2023 12:50:01.887730,"(8.0, 11.5, 10.807692307692308)","(18.0, 23.0, 22.16)","(6.5, 9.0, 8.71111111111111)","(8.0, 9.2, 9.01)","(101.0, 190.0, 156.66666666666666)","(8.5, 10.5, 10.024390243902438)","(1.7, 1.87, 1.8656140350877195)"
07-01-2023 12:50:02.994643,"(8.0, 11.5, 10.807692307692308)","(18.0, 23.0, 22.16)","(6.5, 9.0, 8.71111111111111)","(8.0, 9.2, 9.153191489361701)","(101.0, 190.0, 175.0)","(8.5, 10.5, 10.024390243902438)","(1.7, 1.87, 1.865925925925926)"
07-01-2023 12:50:04.083009,"(8.0, 11.5, 11.363636363636363)","(18.0, 22.0, 21.514851485148515)","(6.5, 9.0, 8.984761904761905)","(8.0, 9.2, 9.315384615384616)","(101.0, 190.0, 178.75)","(8.5, 10.5, 9.982608695652175)","(1.7, 1.87, 1.8657657657657658)"
07-01-2023 12:50:05.180581,"(8.0, 11.5, 11.377272727272727)","(18.0, 22.0, 21.617977528089888)","(6.5, 9.0, 8.984761904761905)","(8.0, 9.4, 9.315384615384616)","(101.0, 190.0, 180.0)","(8.5, 10.5, 9.982608695652175)","(1.7, 1.87, 1.8657657657657658)"
07-01-2023 12:50:06.173434,"(8.0, 11.5, 11.377272727272727)","(18.0, 22.0, 21.617977528089888)","(6.5, 9.0, 8.984761904761905)","(8.0, 9.4, 9.270588235294117)","(101.0, 190.0, 180.0)","(8.5, 10.5, 9.813725490196079)","(1.7, 1.87, 1.865925925925926)"
07-01-2023 12:50:07.172532,"(8.0, 11.5, 11.224489795918368)","(18.0, 22.0, 21.617977528089888)","(6.5, 9.0, 8.97090909090909)","(8.0, 9.4, 9.270588235294117)","(101.0, 190.0, 180.0)","(8.5, 10.5, 9.813725490196079)","(1.7, 1.87, 1.865925925925926)"
07-01-2023 12:50:08.279444,"(8.0, 11.5, 11.224489795918368)","(18.0, 22.0, 21.617977528089888)","(6.5, 9.0, 8.97090909090909)","(8.0, 9.4, 9.237037037037037)","(101.0, 190.0, 180.0)","(8.5, 10.5, 9.815555555555557)","(1.7, 1.87, 1.8729411764705883)"
07-01-2023 12:50:09.468122,"(8.0, 11.5, 11.22)","(18.0, 22.0, 21.617977528089888)","(6.5, 9.0, 8.97090909090909)","(8.0, 9.4, 9.235714285714286)","(101.0, 190.0, 180.0)","(8.5, 10.5, 9.850000000000001)","(1.7, 1.88, 1.884222222222222)"
07-01-2023 12:50:10.602014,"(8.0, 11.5, 11.211538461538462)","(18.0, 22.0, 21.682692307692307)","(6.5, 9.0, 9.09375)","(8.0, 9.4, 9.281481481481482)","(101.0, 190.0, 180.0)","(8.5, 10.0, 9.757575757575758)","(1.7, 1.89, 1.865138888888889)"
07-01-2023 12:50:11.677787,"(8.0, 11.5, 11.275)","(18.0, 22.0, 21.724489795918366)","(6.5, 9.2, 9.09375)","(8.0, 9.4, 9.291666666666666)","(101.0, 190.0, 180.0)","(8.5, 9.8, 9.909090909090908)","(1.7, 1.87, 1.8635185185185186)"
07-01-2023 12:50:12.702886,"(8.0, 11.5, 11.294642857142858)","(18.0, 22.0, 21.724489795918366)","(6.5, 9.2, 9.076470588235294)","(8.0, 9.4, 9.291666666666666)","(101.0, 190.0, 180.0)","(8.5, 10.0, 9.83859649122807)","(1.7, 1.87, 1.8560784313725491)"
07-01-2023 12:50:13.669287,"(8.0, 11.5, 11.294642857142858)","(18.0, 22.0, 21.69607843137255)","(6.5, 9.2, 9.076470588235294)","(8.0, 9.4, 9.281818181818181)","(101.0, 190.0, 180.0)","(8.5, 10.0, 9.83859649122807)","(1.7, 1.86, 1.862909090909091)"
07-01-2023 12:50:14.733343,"(8.0, 11.5, 11.294642857142858)","(18.0, 22.0, 21.69607843137255)","(6.5, 9.2, 9.076470588235294)","(8.0, 9.4, 9.281818181818181)","(101.0, 190.0, 180.0)","(8.5, 10.0, 9.83859649122807)","(1.7, 1.87, 1.8633962264150945)"
07-01-2023 12:50:15.830819,"(8.0, 11.5, 11.294642857142858)","(18.0, 22.0, 21.645454545454545)","(7.0, 9.2, 9.076470588235294)","(8.0, 9.4, 9.35)","(101.0, 190.0, 180.0)","(8.5, 10.0, 9.652631578947368)","(1.7, 1.87, 1.8633962264150945)"
07-01-2023 12:50:16.900268,"(8.0, 11.5, 11.294642857142858)","(18.0, 22.0, 21.645454545454545)","(7.0, 9.2, 9.076470588235294)","(8.0, 9.4, 9.417391304347825)","(101.0, 190.0, 180.0)","(8.5, 9.8, 9.51)","(1.7, 1.87, 1.8667058823529412)"
07-01-2023 12:50:17.878656,"(8.0, 11.5, 11.294642857142858)","(18.0, 22.0, 21.69607843137255)","(7.0, 9.2, 9.076470588235294)","(8.0, 9.6, 9.417391304347825)","(101.0, 190.0, 180.0)","(8.5, 9.6, 9.51)","(1.7, 1.87, 1.8667058823529412)"
07-01-2023 12:50:18.858626,"(8.0, 11.5, 11.294642857142858)","(18.0, 23.0, 22.608695652173914)","(7.0, 9.2, 9.076470588235294)","(8.0, 9.6, 9.40408163265306)","(101.0, 190.0, 180.0)","(8.5, 9.6, 9.546153846153846)","(1.7, 1.87, 1.8592207792207793)"
07-01-2023 12:50:19.920285,"(8.0, 11.5, 11.294642857142858)","(18.0, 23.0, 22.789473684210527)","(7.0, 9.2, 9.076470588235294)","(8.0, 9.6, 9.399999999999999)","(101.0, 190.0, 180.0)","(8.5, 9.6, 9.546153846153846)","(1.7, 1.87, 1.8592207792207793)"
07-01-2023 12:50:21.031441,"(8.0, 11.5, 11.294642857142858)","(18.0, 23.0, 22.789473684210527)","(7.0, 9.2, 9.09375)","(8.0, 9.6, 9.308108108108108)","(101.0, 190.0, 180.0)","(8.5, 9.6, 9.425)","(1.7, 1.87, 1.8567200000000001)"
07-01-2023 12:50:22.083418,"(8.0, 11.5, 11.294642857142858)","(18.0, 23.0, 22.9)","(7.0, 9.2, 9.088524590163933)","(8.0, 9.6, 9.308108108108108)","(101.0, 190.0, 180.0)","(8.5, 9.6, 9.425)","(1.7, 1.87, 1.8520833333333335)"
07-01-2023 12:50:23.049436,"(8.0, 11.5, 11.294642857142858)","(18.0, 23.0, 22.257142857142856)","(7.0, 9.2, 9.088524590163933)","(8.0, 9.6, 9.308108108108108)","(101.0, 190.0, 180.0)","(8.5, 9.6, 9.566666666666666)","(1.7, 1.86, 1.8553086419753086)"
07-01-2023 12:50:24.131423,"(8.0, 11.5, 11.294642857142858)","(18.0, 23.0, 22.257142857142856)","(7.0, 9.2, 9.088524590163933)","(8.0, 9.6, 9.308108108108108)","(101.0, 190.0, 180.0)","(8.5, 9.6, 9.665000000000001)","(1.7, 1.86, 1.8536263736263736)"
07-01-2023 12:50:25.229939,"(8.0, 11.5, 11.294642857142858)","(18.0, 23.0, 22.257142857142856)","(7.0, 9.2, 9.07857142857143)","(8.0, 9.6, 9.308108108108108)","(101.0, 190.0, 180.0)","(8.5, 9.8, 9.665000000000001)","(1.7, 1.86, 1.8551219512195123)"
07-01-2023 12:50:26.324393,"(8.0, 11.5, 11.294642857142858)","(18.0, 23.0, 22.257142857142856)","(7.0, 9.2, 9.07857142857143)","(8.0, 9.6, 9.308108108108108)","(101.0, 190.0, 180.0)","(8.5, 9.8, 9.665000000000001)","(1.7, 1.86, 1.8551219512195123)"
07-01-2023 12:50:27.449193,"(8.0, 11.5, 11.287037037037036)","(18.0, 23.0, 22.257142857142856)","(7.0, 9.2, 9.07857142857143)","(8.0, 9.6, 9.308108108108108)","(101.0, 190.0, 180.0)","(8.5, 9.6, 9.49655172413793)","(1.7, 1.86, 1.8534782608695652)"
07-01-2023 12:50:28.653341,"(8.0, 11.5, 11.287037037037036)","(18.0, 23.0, 22.176470588235293)","(7.0, 9.2, 9.07857142857143)","(8.0, 9.6, 9.308108108108108)","(101.0, 190.0, 180.0)","(8.5, 9.6, 9.488888888888889)","(1.7, 1.86, 1.8534782608695652)"
07-01-2023 12:50:29.678413,"(8.0, 11.5, 11.267241379310345)","(18.0, 23.0, 22.263157894736842)","(7.0, 9.2, 9.07857142857143)","(8.0, 9.6, 9.308108108108108)","(101.0, 190.0, 180.0)","(8.5, 9.6, 9.44)","(1.7, 1.86, 1.8485561497326204)"
07-01-2023 12:50:30.611288,"(8.0, 11.5, 11.303921568627452)","(18.0, 24.0, 22.428571428571427)","(7.0, 9.2, 9.07857142857143)","(8.0, 9.6, 9.33)","(101.0, 190.0, 180.0)","(8.5, 9.6, 9.44)","(1.7, 1.85, 1.8484438040345823)"
07-01-2023 12:50:31.678702,"(8.0, 11.5, 11.303921568627452)","(18.0, 24.0, 22.58823529411765)","(7.0, 9.2, 8.966666666666667)","(8.0, 9.6, 9.33)","(101.0, 190.0, 180.0)","(8.5, 9.6, 9.44)","(1.7, 1.85, 1.8484438040345823)"
07-01-2023 12:50:32.758338,"(8.0, 11.5, 11.344444444444445)","(18.0, 24.0, 22.58823529411765)","(7.0, 9.2, 8.966666666666667)","(8.0, 9.6, 9.357575757575757)","(101.0, 190.0, 180.0)","(8.5, 9.6, 9.44)","(1.7, 1.85, 1.8484438040345823)"
07-01-2023 12:50:33.821091,"(8.0, 11.5, 11.367924528301886)","(18.0, 24.0, 22.58823529411765)","(7.0, 9.2, 8.966666666666667)","(8.0, 9.6, 9.379310344827585)","(101.0, 190.0, 180.0)","(8.5, 9.6, 9.406896551724138)","(1.7, 1.85, 1.8484438040345823)"
07-01-2023 12:50:34.852016,"(8.0, 11.5, 11.367924528301886)","(18.0, 24.0, 22.571428571428573)","(7.0, 9.2, 8.966666666666667)","(8.0, 9.6, 9.379310344827585)","(101.0, 190.0, 180.0)","(8.5, 9.6, 9.406896551724138)","(1.7, 1.85, 1.8484438040345823)"
07-01-2023 12:50:35.815155,"(8.0, 11.5, 11.367924528301886)","(18.0, 23.0, 22.75)","(7.0, 9.2, 9.064)","(8.0, 9.6, 9.379310344827585)","(101.0, 190.0, 180.0)","(8.5, 9.6, 9.329411764705883)","(1.7, 1.85, 1.845217391304348)"
07-01-2023 12:50:36.901953,"(8.0, 11.5, 11.367924528301886)","(18.0, 23.0, 22.5)","(7.0, 9.2, 9.084745762711863)","(8.0, 9.6, 9.417142857142856)","(101.0, 190.0, 180.0)","(8.5, 9.4, 9.266666666666666)","(1.7, 1.86, 1.845217391304348)"
07-01-2023 12:50:37.998103,"(8.0, 11.5, 11.367924528301886)","(18.0, 23.0, 22.357142857142858)","(7.0, 9.2, 9.1)","(8.0, 9.6, 9.406060606060606)","(101.0, 190.0, 180.0)","(8.5, 9.4, 9.216666666666667)","(1.7, 1.86, 1.845217391304348)"
07-01-2023 12:50:39.148518,"(8.0, 11.5, 11.367924528301886)","(18.0, 23.0, 22.357142857142858)","(7.0, 9.2, 9.113846153846154)","(8.0, 9.6, 9.406060606060606)","(101.0, 190.0, 180.0)","(8.5, 9.4, 9.038805970149253)","(1.7, 1.86, 1.8445569620253166)"
07-01-2023 12:50:40.176699,"(8.0, 12.0, 11.606060606060606)","(18.0, 23.0, 22.470588235294116)","(7.0, 9.2, 9.113846153846154)","(8.0, 9.6, 9.406060606060606)","(101.0, 190.0, 180.0)","(8.5, 9.2, 8.914285714285715)","(1.7, 1.86, 1.8531343283582091)"
07-01-2023 12:50:41.118959,"(8.0, 12.0, 11.621951219512194)","(18.0, 23.0, 22.75)","(7.0, 9.4, 9.1875)","(8.0, 9.6, 9.4125)","(101.0, 190.0, 181.0)","(8.5, 9.0, 9.077894736842104)","(1.7, 1.86, 1.852763157894737)"
07-01-2023 12:50:42.070011,"(8.0, 12.0, 11.574074074074074)","(18.0, 23.0, 22.9)","(7.0, 9.4, 9.116666666666667)","(8.0, 9.6, 9.36)","(101.0, 190.0, 181.0)","(8.5, 9.2, 9.117647058823529)","(1.7, 1.86, 1.852763157894737)"
07-01-2023 12:50:43.137704,"(8.0, 12.0, 11.574074074074074)","(18.0, 23.0, 22.9)","(7.0, 9.4, 9.116666666666667)","(8.0, 9.6, 9.36)","(101.0, 190.0, 181.0)","(8.5, 9.2, 9.117647058823529)","(1.7, 1.86, 1.852763157894737)"
07-01-2023 12:50:44.256885,"(8.0, 12.0, 11.574074074074074)","(18.0, 23.0, 22.9)","(7.0, 9.4, 9.116666666666667)","(8.0, 9.6, 9.36)","(101.0, 190.0, 181.0)","(8.5, 9.2, 9.117647058823529)","(1.7, 1.86, 1.852763157894737)"
07-01-2023 12:50:45.321512,"(8.0, 12.0, 11.574074074074074)","(18.0, 23.0, 22.9)","(7.0, 9.4, 9.175)","(7.5, 9.6, 9.463636363636363)","(101.0, 190.0, 181.0)","(8.0, 9.2, 9.117647058823529)","(1.75, 1.86, 1.852763157894737)"
07-01-2023 12:50:46.293460,"(8.0, 12.0, 11.574074074074074)","(18.0, 23.0, 22.9)","(7.0, 9.4, 9.175)","(7.5, 9.6, 9.463636363636363)","(101.0, 190.0, 181.0)","(8.0, 9.2, 9.27142857142857)","(1.75, 1.86, 1.8393548387096774)"
07-01-2023 12:50:47.486491,"(8.0, 12.0, 11.574074074074074)","(18.0, 23.0, 22.9)","(7.0, 9.4, 9.147368421052631)","(7.5, 9.6, 9.442105263157893)","(101.0, 190.0, 181.0)","(8.0, 9.4, 9.28695652173913)","(1.75, 1.84, 1.8440350877192984)"
07-01-2023 12:50:48.669885,"(8.0, 12.0, 11.583333333333334)","(19.0, 23.0, 22.9)","(7.0, 9.4, 9.147368421052631)","(7.5, 9.6, 9.419607843137255)","(101.0, 190.0, 181.0)","(8.0, 9.6, 9.274074074074074)","(1.75, 1.85, 1.842486187845304)"
07-01-2023 12:50:49.782409,"(8.0, 12.0, 11.574074074074074)","(19.0, 23.0, 22.896551724137932)","(7.0, 9.4, 9.191304347826087)","(7.5, 9.6, 9.419607843137255)","(101.0, 190.0, 181.0)","(8.0, 9.6, 9.402247191011236)","(1.75, 1.85, 1.842486187845304)"
07-01-2023 12:50:50.834885,"(8.0, 12.0, 11.583333333333334)","(19.0, 23.0, 22.896551724137932)","(7.0, 9.4, 9.210526315789474)","(7.5, 9.6, 9.329411764705881)","(101.0, 190.0, 172.0)","(8.0, 9.6, 9.272727272727273)","(1.75, 1.85, 1.8428125000000002)"
07-01-2023 12:50:51.910542,"(8.0, 12.0, 11.595238095238095)","(19.0, 23.0, 22.896551724137932)","(7.0, 9.4, 9.210526315789474)","(7.5, 9.6, 9.329411764705881)","(101.0, 190.0, 172.0)","(8.0, 9.4, 9.230769230769232)","(1.75, 1.85, 1.8428125000000002)"
07-01-2023 12:50:52.958670,"(8.0, 12.0, 11.595238095238095)","(19.0, 23.0, 22.91176470588235)","(7.0, 9.4, 9.166666666666666)","(7.5, 9.6, 9.329411764705881)","(101.0, 190.0, 172.0)","(8.0, 9.4, 9.486666666666666)","(1.75, 1.85, 1.8400862068965518)"
07-01-2023 12:50:54.046132,"(8.0, 12.0, 11.595238095238095)","(19.0, 23.0, 22.775)","(7.0, 9.4, 9.166666666666666)","(7.5, 9.6, 9.329411764705881)","(101.0, 190.0, 172.0)","(8.0, 9.6, 9.445454545454545)","(1.75, 1.85, 1.8400862068965518)"
07-01-2023 12:50:55.193544,"(8.0, 12.0, 11.583333333333334)","(19.0, 23.0, 22.775)","(7.0, 9.4, 9.133333333333333)","(7.5, 9.6, 9.3375)","(101.0, 190.0, 172.0)","(8.0, 9.6, 9.445454545454545)","(1.75, 1.85, 1.8416666666666668)"
07-01-2023 12:50:56.222669,"(8.0, 12.0, 11.61111111111111)","(19.0, 23.0, 22.775)","(7.0, 9.2, 9.133333333333333)","(7.5, 9.4, 9.3)","(101.0, 190.0, 172.0)","(8.0, 9.6, 9.445454545454545)","(1.75, 1.85, 1.8397707736389686)"
07-01-2023 12:50:57.178425,"(8.0, 12.0, 11.61111111111111)","(19.0, 23.0, 22.684210526315788)","(7.0, 9.2, 9.088888888888889)","(7.5, 9.4, 9.3)","(101.0, 190.0, 172.0)","(8.0, 9.6, 9.4625)","(1.75, 1.84, 1.839632768361582)"
07-01-2023 12:50:58.136862,"(8.0, 12.0, 11.61111111111111)","(19.0, 23.0, 22.333333333333332)","(7.0, 9.2, 9.088888888888889)","(7.5, 9.4, 9.283333333333333)","(101.0, 190.0, 172.0)","(8.0, 9.6, 9.4625)","(1.75, 1.84, 1.8481132075471698)"
07-01-2023 12:50:59.149558,"(8.0, 12.0, 11.61111111111111)","(19.0, 23.0, 22.571428571428573)","(7.0, 9.2, 9.088888888888889)","(7.5, 9.6, 9.39090909090909)","(101.0, 190.0, 172.0)","(8.0, 9.6, 9.855555555555556)","(1.75, 1.85, 1.8184126984126985)"
07-01-2023 12:51:00.275608,"(8.0, 12.0, 11.78)","(19.0, 23.0, 22.772727272727273)","(7.0, 9.4, 9.27878787878788)","(7.5, 9.6, 9.39090909090909)","(101.0, 190.0, 175.0)","(8.0, 10.0, 9.850000000000001)","(1.75, 1.82, 1.8157352941176472)"
07-01-2023 12:51:01.258046,"(8.0, 12.0, 11.833333333333334)","(19.0, 23.0, 22.807692307692307)","(7.0, 9.4, 9.248648648648649)","(7.5, 9.6, 9.39090909090909)","(101.0, 190.0, 175.0)","(8.0, 10.5, 9.911111111111111)","(1.75, 1.82, 1.8176923076923077)"
07-01-2023 12:51:02.192235,"(8.0, 12.0, 11.78)","(19.0, 23.0, 22.708333333333332)","(7.0, 9.4, 9.248648648648649)","(7.5, 9.6, 9.337142857142856)","(101.0, 190.0, 175.0)","(8.0, 10.0, 9.911111111111111)","(1.75, 1.82, 1.8123809523809524)"
07-01-2023 12:51:03.146505,"(8.0, 12.0, 11.78)","(19.0, 23.0, 22.708333333333332)","(7.0, 9.4, 9.248648648648649)","(7.5, 9.6, 9.337142857142856)","(101.0, 170.0, 165.0)","(8.0, 10.5, 9.83125)","(1.75, 1.82, 1.8123809523809524)"
07-01-2023 12:51:04.188231,"(8.0, 12.0, 11.78)","(19.0, 23.0, 22.372093023255815)","(7.0, 9.4, 9.248648648648649)","(7.5, 9.6, 9.386046511627907)","(101.0, 170.0, 165.0)","(8.0, 10.0, 9.83125)","(1.75, 1.82, 1.8123809523809524)"
07-01-2023 12:51:05.347395,"(8.0, 12.0, 11.78)","(19.0, 23.0, 22.372093023255815)","(7.0, 9.4, 9.248648648648649)","(7.5, 9.6, 9.386046511627907)","(101.0, 170.0, 165.0)","(8.0, 10.0, 9.83125)","(1.75, 1.82, 1.810498753117207)"
07-01-2023 12:51:06.443415,"(8.0, 12.0, 11.78)","(19.0, 23.0, 22.372093023255815)","(7.0, 9.4, 9.248648648648649)","(7.5, 9.6, 9.386046511627907)","(101.0, 170.0, 165.0)","(8.0, 10.0, 9.837037037037037)","(1.75, 1.83, 1.8109501187648456)"
07-01-2023 12:51:07.447481,"(8.0, 12.0, 11.65625)","(19.0, 23.0, 22.372093023255815)","(7.0, 9.4, 9.211764705882354)","(7.5, 9.6, 9.357894736842105)","(101.0, 170.0, 165.0)","(8.0, 10.0, 9.845714285714287)","(1.75, 1.83, 1.8139583333333333)"
07-01-2023 12:51:08.466291,"(8.0, 12.0, 11.647058823529411)","(19.0, 23.0, 22.386363636363637)","(7.0, 9.4, 9.254545454545454)","(7.5, 9.6, 9.357894736842105)","(101.0, 170.0, 165.0)","(8.0, 10.0, 9.845714285714287)","(1.75, 1.82, 1.8138383838383838)"
07-01-2023 12:51:09.622527,"(8.0, 12.0, 11.647058823529411)","(19.0, 23.0, 22.386363636363637)","(7.0, 9.4, 9.254545454545454)","(7.5, 9.6, 9.32121212121212)","(101.0, 170.0, 165.0)","(8.0, 10.0, 9.845714285714287)","(1.75, 1.82, 1.815757575757576)"
07-01-2023 12:51:10.752466,"(8.0, 12.0, 11.647058823529411)","(19.0, 23.0, 22.386363636363637)","(7.0, 9.4, 9.254545454545454)","(7.5, 9.6, 9.362962962962964)","(101.0, 170.0, 165.0)","(8.0, 10.0, 9.82)","(1.75, 1.82, 1.8226373626373626)"
07-01-2023 12:51:11.827637,"(8.0, 12.0, 11.53125)","(19.0, 23.0, 22.386363636363637)","(7.0, 9.4, 9.254545454545454)","(7.5, 9.4, 9.36551724137931)","(101.0, 170.0, 165.0)","(8.0, 10.0, 9.672727272727274)","(1.75, 1.83, 1.823954802259887)"
07-01-2023 12:51:12.798271,"(8.0, 12.0, 11.76)","(19.0, 23.0, 22.386363636363637)","(7.0, 9.4, 9.254545454545454)","(7.5, 9.4, 9.36551724137931)","(101.0, 170.0, 166.66666666666666)","(8.0, 9.8, 9.721951219512196)","(1.75, 1.83, 1.8254468085106383)"
07-01-2023 12:51:13.828476,"(8.0, 12.0, 11.846153846153847)","(19.0, 23.0, 22.509090909090908)","(7.0, 9.4, 9.330434782608696)","(7.5, 9.4, 9.36774193548387)","(101.0, 170.0, 166.66666666666666)","(8.0, 9.8, 9.721951219512196)","(1.75, 1.83, 1.8254468085106383)"
07-01-2023 12:51:14.883454,"(8.0, 12.0, 11.846153846153847)","(19.0, 23.0, 22.509090909090908)","(7.0, 9.4, 9.330434782608696)","(7.5, 9.4, 9.36774193548387)","(101.0, 170.0, 166.66666666666666)","(8.0, 9.8, 9.721951219512196)","(1.75, 1.83, 1.8254468085106383)"
07-01-2023 12:51:15.982501,"(8.0, 12.0, 11.846153846153847)","(19.0, 23.0, 22.509090909090908)","(7.0, 9.4, 9.330434782608696)","(7.5, 9.4, 9.333333333333334)","(101.0, 170.0, 166.66666666666666)","(8.0, 9.8, 9.676923076923076)","(1.75, 1.83, 1.8255813953488373)"
07-01-2023 12:51:17.058203,"(8.0, 12.0, 11.711538461538462)","(19.0, 23.0, 22.509090909090908)","(7.0, 9.4, 9.330434782608696)","(7.5, 9.4, 9.333333333333334)","(101.0, 170.0, 166.66666666666666)","(8.0, 9.8, 9.733333333333334)","(1.75, 1.85, 1.8417894736842106)"
07-01-2023 12:51:18.068517,"(8.0, 12.0, 11.741379310344827)","(19.0, 23.0, 22.509090909090908)","(7.0, 9.4, 9.330434782608696)","(7.5, 9.4, 9.333333333333334)","(101.0, 170.0, 166.66666666666666)","(8.0, 9.6, 9.5375)","(1.75, 1.85, 1.8417894736842106)"
07-01-2023 12:51:18.988320,"(8.0, 12.0, 11.741379310344827)","(19.0, 23.0, 22.509090909090908)","(7.0, 9.4, 9.303448275862069)","(7.5, 9.4, 9.305263157894737)","(101.0, 170.0, 166.66666666666666)","(8.0, 9.6, 9.475)","(1.75, 1.85, 1.8453030303030304)"
07-01-2023 12:51:19.974458,"(8.0, 12.0, 11.741379310344827)","(19.0, 23.0, 22.509090909090908)","(7.0, 9.4, 9.303448275862069)","(7.5, 9.4, 9.305263157894737)","(101.0, 170.0, 166.66666666666666)","(8.0, 9.6, 9.475)","(1.75, 1.85, 1.8417543859649124)"
07-01-2023 12:51:21.026013,"(8.0, 12.0, 11.741379310344827)","(19.0, 23.0, 22.509090909090908)","(7.0, 9.4, 9.303448275862069)","(7.5, 9.4, 9.290909090909091)","(101.0, 170.0, 166.66666666666666)","(8.0, 9.6, 9.475)","(1.75, 1.85, 1.8417543859649124)"
07-01-2023 12:51:22.234667,"(8.0, 12.0, 11.642857142857142)","(19.0, 23.0, 22.509090909090908)","(7.0, 9.4, 9.303448275862069)","(7.5, 9.4, 9.290909090909091)","(101.0, 170.0, 166.66666666666666)","(8.0, 9.6, 9.475)","(1.75, 1.85, 1.8409615384615385)"
07-01-2023 12:51:23.198745,"(8.0, 12.0, 11.642857142857142)","(19.0, 23.0, 22.509090909090908)","(7.0, 9.4, 9.303448275862069)","(7.5, 9.4, 9.290909090909091)","(101.0, 170.0, 166.66666666666666)","(8.0, 9.6, 9.475)","(1.75, 1.85, 1.8462500000000002)"
07-01-2023 12:51:25.024043,"(8.0, 11.5, 11.3)","(19.0, 23.0, 22.509090909090908)","(7.0, 9.4, 9.330434782608696)","(7.5, 9.4, 9.333333333333334)","(101.0, 170.0, 166.66666666666666)","(8.0, 9.8, 9.507692307692308)","(1.75, 1.85, 1.8497841726618707)"
07-01-2023 12:51:25.998524,"(8.0, 11.5, 11.1)","(19.0, 23.0, 22.509090909090908)","(7.0, 9.4, 9.330434782608696)","(7.5, 9.4, 9.333333333333334)","(101.0, 170.0, 166.66666666666666)","(8.0, 9.8, 9.507692307692308)","(1.75, 1.85, 1.8497841726618707)"
07-01-2023 12:51:26.969029,"(8.0, 11.5, 11.1)","(19.0, 23.0, 22.509090909090908)","(7.0, 9.4, 9.330434782608696)","(7.5, 9.4, 9.333333333333334)","(101.0, 170.0, 166.66666666666666)","(8.0, 9.8, 9.507692307692308)","(1.75, 1.85, 1.849798657718121)"
07-01-2023 12:51:28.173136,"(8.0, 11.5, 11.1)","(19.0, 23.0, 22.509090909090908)","(7.0, 9.4, 9.330434782608696)","(7.5, 9.4, 9.333333333333334)","(101.0, 170.0, 166.66666666666666)","(8.0, 9.8, 9.507692307692308)","(1.75, 1.86, 1.8534562211981567)"
07-01-2023 12:51:29.213071,"(8.0, 11.5, 11.36)","(19.0, 23.0, 22.509090909090908)","(7.0, 9.4, 9.330434782608696)","(7.5, 9.4, 9.333333333333334)","(101.0, 170.0, 166.66666666666666)","(8.0, 9.8, 9.516666666666666)","(1.75, 1.86, 1.8558959537572255)"
07-01-2023 12:51:30.215782,"(8.0, 11.5, 11.38135593220339)","(19.0, 23.0, 22.509090909090908)","(7.0, 9.4, 9.330434782608696)","(7.5, 9.4, 9.333333333333334)","(101.0, 170.0, 166.66666666666666)","(8.0, 9.6, 9.488888888888889)","(1.75, 1.86, 1.8558959537572255)"
07-01-2023 12:51:31.389901,"(8.0, 11.5, 11.387096774193548)","(19.0, 23.0, 22.509090909090908)","(7.0, 9.4, 9.330434782608696)","(7.5, 9.4, 9.513636363636364)","(101.0, 170.0, 166.66666666666666)","(8.0, 9.6, 9.548148148148147)","(1.75, 1.86, 1.8571337579617835)"
07-01-2023 12:51:32.444866,"(8.0, 11.5, 11.38135593220339)","(19.0, 23.0, 22.509090909090908)","(7.0, 9.4, 9.330434782608696)","(7.5, 9.6, 9.4)","(101.0, 170.0, 166.66666666666666)","(8.0, 9.6, 9.38076923076923)","(1.75, 1.86, 1.8655555555555556)"
07-01-2023 12:51:33.526797,"(8.0, 11.5, 11.335820895522389)","(19.0, 23.0, 22.509090909090908)","(7.0, 9.4, 9.330434782608696)","(7.5, 9.4, 9.388235294117647)","(101.0, 170.0, 166.66666666666666)","(8.0, 9.4, 9.38076923076923)","(1.75, 1.87, 1.8655555555555556)"
07-01-2023 12:51:34.524281,"(8.0, 11.5, 11.335820895522389)","(19.0, 23.0, 22.509090909090908)","(7.0, 9.4, 9.330434782608696)","(7.5, 9.4, 9.388235294117647)","(101.0, 170.0, 166.66666666666666)","(8.0, 9.4, 9.38076923076923)","(1.75, 1.87, 1.8646938775510205)"
07-01-2023 12:51:35.536400,"(8.0, 11.5, 11.335820895522389)","(19.0, 23.0, 22.509090909090908)","(7.0, 9.4, 9.303448275862069)","(7.5, 9.4, 9.388235294117647)","(101.0, 170.0, 166.66666666666666)","(8.0, 9.4, 9.38076923076923)","(1.75, 1.87, 1.8646938775510205)"
07-01-2023 12:51:36.778676,"(8.0, 11.5, 11.342857142857143)","(19.0, 23.0, 22.509090909090908)","(7.0, 9.4, 9.303448275862069)","(7.5, 9.4, 9.371428571428572)","(101.0, 170.0, 166.66666666666666)","(8.0, 9.4, 9.107692307692307)","(1.75, 1.87, 1.8635000000000002)"
07-01-2023 12:51:37.934448,"(8.0, 11.5, 11.342857142857143)","(19.0, 23.0, 22.509090909090908)","(7.0, 9.4, 9.303448275862069)","(7.5, 9.4, 9.39322033898305)","(101.0, 170.0, 166.66666666666666)","(8.0, 9.2, 9.066666666666666)","(1.75, 1.87, 1.8628985507246378)"
07-01-2023 12:51:38.996567,"(8.0, 11.5, 11.347222222222221)","(19.0, 23.0, 22.509090909090908)","(7.0, 9.4, 9.303448275862069)","(7.5, 9.4, 9.368253968253969)","(101.0, 170.0, 166.66666666666666)","(8.0, 9.2, 9.149999999999999)","(1.75, 1.87, 1.8704761904761906)"
07-01-2023 12:51:39.995509,"(8.5, 11.5, 11.338235294117647)","(19.0, 23.0, 22.509090909090908)","(7.0, 9.4, 9.303448275862069)","(7.5, 9.4, 9.346268656716418)","(101.0, 170.0, 166.66666666666666)","(8.0, 9.2, 9.3044776119403)","(1.75, 1.88, 1.8668493150684933)"
07-01-2023 12:51:40.934710,"(8.5, 11.5, 11.338235294117647)","(19.0, 23.0, 22.509090909090908)","(7.0, 9.4, 9.303448275862069)","(7.5, 9.4, 9.346268656716418)","(101.0, 170.0, 166.66666666666666)","(8.0, 9.4, 9.16)","(1.75, 1.87, 1.8658823529411765)"
07-01-2023 12:51:41.955401,"(8.5, 11.5, 11.338235294117647)","(19.0, 23.0, 22.509090909090908)","(7.0, 9.4, 9.303448275862069)","(7.5, 9.2, 9.145454545454545)","(101.0, 170.0, 166.66666666666666)","(8.0, 9.2, 9.286666666666667)","(1.75, 1.88, 1.8691286307053943)"
07-01-2023 12:51:43.065397,"(8.5, 11.5, 11.335820895522389)","(19.0, 23.0, 22.509090909090908)","(7.0, 9.4, 9.330434782608696)","(7.5, 9.2, 9.145454545454545)","(101.0, 170.0, 169.52380952380952)","(8.0, 9.4, 9.286666666666667)","(1.75, 1.88, 1.8691286307053943)"
07-01-2023 12:51:44.192677,"(8.5, 11.5, 11.335820895522389)","(19.0, 23.0, 22.509090909090908)","(7.0, 9.4, 9.330434782608696)","(7.5, 9.2, 9.129411764705882)","(101.0, 170.0, 169.52380952380952)","(8.0, 9.4, 9.286666666666667)","(1.75, 1.88, 1.8691286307053943)"
07-01-2023 12:51:45.157043,"(8.5, 11.5, 11.335820895522389)","(19.0, 23.0, 22.509090909090908)","(7.0, 9.4, 9.330434782608696)","(7.5, 9.2, 9.129411764705882)","(101.0, 170.0, 169.52380952380952)","(8.0, 9.4, 9.286666666666667)","(1.75, 1.88, 1.8725988700564973)"
07-01-2023 12:51:46.140477,"(8.5, 11.5, 11.335820895522389)","(19.0, 23.0, 22.509090909090908)","(7.0, 9.4, 9.330434782608696)","(7.5, 9.2, 9.129411764705882)","(101.0, 170.0, 169.52380952380952)","(8.0, 9.4, 9.286666666666667)","(1.75, 1.88, 1.880648148148148)"
07-01-2023 12:51:47.248360,"(8.5, 11.5, 11.194444444444445)","(19.0, 23.0, 22.927272727272726)","(7.0, 9.4, 9.330434782608696)","(7.5, 9.2, 9.104761904761904)","(101.0, 170.0, 169.0909090909091)","(8.0, 9.2, 9.146341463414634)","(1.75, 1.89, 1.876007326007326)"
07-01-2023 12:51:48.307718,"(8.5, 11.5, 11.133333333333333)","(19.0, 23.0, 22.927272727272726)","(7.0, 9.4, 9.330434782608696)","(7.5, 9.2, 9.129411764705882)","(101.0, 170.0, 169.0909090909091)","(8.0, 9.2, 9.023076923076923)","(1.75, 1.89, 1.8780000000000001)"
07-01-2023 12:51:49.730418,"(8.5, 11.0, 11.209677419354838)","(19.0, 24.0, 23.52777777777778)","(7.0, 9.4, 9.284210526315789)","(7.5, 9.2, 9.129411764705882)","(101.0, 170.0, 169.0909090909091)","(8.0, 9.2, 9.084444444444443)","(1.75, 1.89, 1.8780000000000001)"
07-01-2023 12:51:50.831225,"(8.5, 11.5, 11.209677419354838)","(19.0, 24.0, 23.52777777777778)","(7.0, 9.4, 9.284210526315789)","(7.5, 9.2, 9.129411764705882)","(101.0, 170.0, 169.0909090909091)","(8.0, 9.2, 9.084444444444443)","(1.75, 1.89, 1.879329268292683)"
07-01-2023 12:51:51.814951,"(8.5, 11.5, 11.166666666666666)","(19.0, 24.0, 23.52777777777778)","(7.0, 9.4, 9.284210526315789)","(7.5, 9.2, 9.129411764705882)","(101.0, 170.0, 169.0909090909091)","(8.0, 9.2, 8.76818181818182)","(1.75, 1.89, 1.8807288317256161)"
07-01-2023 12:51:52.838607,"(8.5, 11.5, 11.185714285714285)","(19.0, 24.0, 23.52777777777778)","(7.0, 9.2, 9.127272727272727)","(7.5, 9.2, 9.129411764705882)","(101.0, 170.0, 169.0909090909091)","(8.0, 8.8, 8.77831325301205)","(1.75, 1.9, 1.8814225053078555)"
07-01-2023 12:51:54.077488,"(8.5, 11.5, 11.185714285714285)","(19.0, 24.0, 23.52777777777778)","(7.0, 9.2, 9.127272727272727)","(7.5, 9.2, 9.129411764705882)","(101.0, 170.0, 169.0909090909091)","(8.0, 8.8, 8.785)","(1.75, 1.9, 1.8907602339181286)"
07-01-2023 12:51:55.181564,"(8.5, 11.5, 11.185714285714285)","(19.0, 24.0, 23.52777777777778)","(7.0, 9.2, 9.127272727272727)","(7.5, 9.2, 9.129411764705882)","(101.0, 170.0, 169.0909090909091)","(8.0, 8.8, 8.94054054054054)","(1.75, 1.9, 1.8919883040935672)"
07-01-2023 12:51:56.141581,"(8.5, 11.5, 11.166666666666666)","(19.0, 24.0, 23.52777777777778)","(7.0, 9.2, 9.127272727272727)","(7.5, 9.2, 9.129411764705882)","(101.0, 170.0, 169.0909090909091)","(8.0, 9.2, 8.790000000000001)","(1.75, 1.9, 1.9145714285714286)"
07-01-2023 12:51:57.211606,"(8.5, 11.0, 10.884615384615385)","(19.0, 24.0, 23.52777777777778)","(7.0, 9.2, 9.08235294117647)","(7.5, 9.2, 9.129411764705882)","(101.0, 170.0, 169.0909090909091)","(8.0, 8.8, 8.775903614457832)","(1.75, 1.92, 1.923089430894309)"
07-01-2023 12:51:58.327108,"(8.5, 11.0, 10.82258064516129)","(19.0, 24.0, 23.52777777777778)","(7.0, 9.2, 9.08235294117647)","(7.5, 9.2, 9.129411764705882)","(101.0, 170.0, 169.0909090909091)","(8.0, 8.8, 8.775903614457832)","(1.75, 1.93, 1.924380165289256)"
07-01-2023 12:51:59.411638,"(8.0, 11.0, 10.857142857142858)","(19.0, 24.0, 23.52777777777778)","(7.0, 9.0, 8.934426229508198)","(7.5, 9.2, 9.129411764705882)","(101.0, 170.0, 169.0909090909091)","(8.0, 8.8, 8.775903614457832)","(1.75, 1.93, 1.924380165289256)"
07-01-2023 12:52:00.425527,"(8.0, 11.0, 10.866666666666667)","(19.0, 24.0, 23.52777777777778)","(7.0, 9.0, 8.934426229508198)","(7.5, 9.2, 9.129411764705882)","(101.0, 170.0, 169.0909090909091)","(8.0, 8.8, 8.775903614457832)","(1.75, 1.93, 1.9241463414634146)"
07-01-2023 12:52:02.216817,"(8.0, 11.0, 10.948979591836734)","(19.0, 24.0, 23.42105263157895)","(7.0, 9.0, 8.921052631578947)","(7.5, 9.2, 9.10909090909091)","(101.0, 170.0, 169.0909090909091)","(8.0, 8.8, 8.78688524590164)","(1.75, 1.93, 1.9264705882352942)"
07-01-2023 12:52:03.731081,"(8.0, 11.0, 10.845454545454546)","(18.0, 24.0, 23.476190476190474)","(7.0, 9.0, 8.945454545454545)","(7.5, 9.4, 9.055)","(101.0, 170.0, 169.0909090909091)","(8.0, 8.8, 8.613333333333333)","(1.75, 1.93, 1.927142857142857)"
07-01-2023 12:52:05.060175,"(8.0, 11.0, 10.845454545454546)","(18.0, 24.0, 23.476190476190474)","(7.0, 9.0, 8.945454545454545)","(7.5, 9.4, 9.061538461538461)","(101.0, 170.0, 169.0909090909091)","(7.5, 8.8, 8.613333333333333)","(1.75, 1.93, 1.9210626702997275)"
07-01-2023 12:52:06.579854,"(8.0, 11.0, 10.947154471544716)","(18.0, 24.0, 22.524390243902438)","(7.0, 9.0, 8.977941176470589)","(7.5, 9.2, 8.975)","(101.0, 170.0, 169.375)","(7.5, 8.8, 8.724324324324325)","(1.75, 1.95, 1.9241527446300715)"
07-01-2023 12:52:07.899045,"(8.0, 11.0, 10.947154471544716)","(18.0, 23.0, 22.477777777777778)","(7.0, 9.0, 9.03448275862069)","(7.5, 9.2, 9.06)","(101.0, 170.0, 169.375)","(7.5, 8.8, 8.76923076923077)","(1.75, 1.95, 1.9174829931972788)"
07-01-2023 12:52:09.071711,"(8.0, 11.0, 10.951492537313433)","(18.0, 23.0, 22.525252525252526)","(7.0, 9.2, 9.03448275862069)","(7.5, 9.2, 9.06)","(101.0, 170.0, 169.375)","(7.5, 8.8, 8.76923076923077)","(1.75, 1.92, 1.9174829931972788)"
07-01-2023 12:52:10.150023,"(8.0, 11.5, 11.363636363636363)","(18.0, 23.0, 22.56)","(7.0, 9.4, 9.325)","(7.5, 9.2, 9.015384615384615)","(101.0, 170.0, 169.375)","(7.5, 8.4, 8.345945945945946)","(1.75, 1.92, 1.907185185185185)"
07-01-2023 12:52:11.316035,"(8.0, 11.5, 11.388059701492537)","(18.0, 23.0, 22.53684210526316)","(7.0, 9.6, 9.452631578947368)","(7.5, 9.2, 9.015384615384615)","(101.0, 170.0, 169.375)","(7.5, 8.4, 8.345945945945946)","(1.75, 1.91, 1.8967289719626168)"
07-01-2023 12:52:12.468835,"(8.0, 11.5, 11.388059701492537)","(18.0, 23.0, 22.53684210526316)","(7.0, 9.6, 9.476923076923077)","(7.5, 9.2, 8.953846153846154)","(101.0, 170.0, 169.375)","(7.5, 8.4, 8.345945945945946)","(1.75, 1.9, 1.8953333333333333)"
07-01-2023 12:52:13.436913,"(8.0, 11.5, 11.297872340425531)","(18.0, 23.0, 22.560439560439562)","(7.0, 9.8, 9.675)","(7.5, 9.0, 8.952380952380953)","(101.0, 180.0, 176.66666666666666)","(7.5, 8.4, 8.356521739130434)","(1.75, 1.91, 1.9027167630057802)"
07-01-2023 12:52:14.546971,"(8.0, 11.5, 11.297872340425531)","(18.0, 23.0, 22.594059405940595)","(7.0, 9.8, 9.66)","(7.5, 9.2, 8.953488372093023)","(101.0, 180.0, 176.8421052631579)","(7.5, 9.0, 8.873170731707317)","(1.75, 1.88, 1.8784134615384616)"
07-01-2023 12:52:15.935102,"(8.0, 11.5, 11.297872340425531)","(18.0, 23.0, 22.594059405940595)","(7.0, 9.8, 9.688)","(7.5, 9.0, 8.953488372093023)","(101.0, 180.0, 176.8421052631579)","(7.5, 9.0, 8.885714285714286)","(1.75, 1.88, 1.8766153846153846)"
07-01-2023 12:52:17.235949,"(8.0, 11.5, 11.297872340425531)","(18.0, 23.0, 23.518987341772153)","(7.0, 9.8, 9.701754385964913)","(7.5, 9.0, 8.876923076923077)","(101.0, 180.0, 176.8421052631579)","(7.5, 9.0, 8.885714285714286)","(1.75, 1.88, 1.876958525345622)"
07-01-2023 12:52:18.457218,"(8.0, 11.5, 11.24561403508772)","(18.0, 24.0, 23.296296296296298)","(7.0, 9.8, 9.701754385964913)","(7.5, 9.0, 8.871428571428572)","(101.0, 180.0, 176.8421052631579)","(7.5, 9.0, 8.90909090909091)","(1.75, 1.88, 1.8735813953488372)"
07-01-2023 12:52:19.616610,"(8.0, 11.5, 11.177777777777777)","(18.0, 24.0, 23.296296296296298)","(7.0, 9.8, 9.701754385964913)","(7.5, 9.0, 8.871428571428572)","(101.0, 180.0, 176.8421052631579)","(7.5, 9.0, 8.90909090909091)","(1.75, 1.88, 1.8735813953488372)"
07-01-2023 12:52:21.003617,"(8.0, 11.5, 11.177777777777777)","(18.0, 24.0, 23.38095238095238)","(7.0, 9.8, 9.701754385964913)","(7.5, 9.0, 8.767123287671234)","(101.0, 180.0, 177.5)","(7.5, 9.0, 8.882352941176471)","(1.75, 1.88, 1.8834615384615383)"
07-01-2023 12:52:22.267795,"(8.0, 11.0, 10.933962264150944)","(18.0, 25.0, 24.26086956521739)","(7.0, 9.8, 9.711538461538462)","(7.5, 8.8, 8.557142857142857)","(101.0, 180.0, 177.5)","(7.5, 9.0, 8.916666666666668)","(1.75, 1.89, 1.881888111888112)"
07-01-2023 12:52:23.379661,"(8.0, 11.0, 10.96938775510204)","(18.0, 25.0, 24.26086956521739)","(7.0, 9.8, 9.711538461538462)","(7.5, 8.8, 8.557142857142857)","(101.0, 180.0, 177.5)","(7.5, 9.0, 8.916666666666668)","(1.75, 1.89, 1.881888111888112)"
07-01-2023 12:52:24.497031,"(8.0, 11.0, 10.884615384615385)","(18.0, 25.0, 24.26086956521739)","(7.0, 9.8, 9.701754385964913)","(7.5, 8.6, 8.544444444444444)","(101.0, 180.0, 177.5)","(7.5, 9.0, 8.956521739130435)","(1.75, 1.89, 1.881888111888112)"
07-01-2023 12:52:25.673418,"(8.0, 11.0, 10.916666666666666)","(18.0, 25.0, 24.26086956521739)","(7.0, 9.8, 9.701754385964913)","(7.5, 8.6, 8.544444444444444)","(101.0, 180.0, 177.5)","(7.5, 9.0, 8.992125984251969)","(1.75, 1.89, 1.881888111888112)"
07-01-2023 12:52:26.864802,"(8.0, 11.0, 10.916666666666666)","(18.0, 25.0, 24.306122448979593)","(7.0, 9.8, 9.701754385964913)","(7.5, 9.0, 8.868421052631579)","(101.0, 180.0, 176.8421052631579)","(7.5, 9.0, 9.275)","(1.75, 1.89, 1.883894736842105)"
07-01-2023 12:52:28.120070,"(8.0, 10.5, 10.444444444444445)","(18.0, 25.0, 24.306122448979593)","(7.0, 9.8, 9.66)","(7.5, 8.8, 8.461538461538462)","(101.0, 180.0, 176.8421052631579)","(7.5, 9.4, 9.428571428571429)","(1.75, 1.89, 1.882883435582822)"
07-01-2023 12:52:29.409957,"(8.0, 10.5, 10.444444444444445)","(18.0, 25.0, 24.405405405405407)","(7.0, 9.8, 9.66)","(7.5, 8.8, 8.461538461538462)","(101.0, 180.0, 176.8421052631579)","(7.5, 9.6, 9.50909090909091)","(1.75, 1.89, 1.8773451327433628)"
07-01-2023 12:52:30.510245,"(8.0, 10.5, 10.390243902439025)","(18.0, 25.0, 24.405405405405407)","(7.0, 9.8, 9.701754385964913)","(7.5, 8.8, 8.461538461538462)","(101.0, 180.0, 176.8421052631579)","(7.5, 9.8, 9.50909090909091)","(1.75, 1.88, 1.8773451327433628)"
07-01-2023 12:52:31.622113,"(8.0, 10.5, 10.390243902439025)","(18.0, 25.0, 24.405405405405407)","(7.0, 9.8, 9.701754385964913)","(7.5, 8.8, 8.463492063492064)","(101.0, 180.0, 176.8421052631579)","(7.5, 9.8, 9.553846153846154)","(1.75, 1.88, 1.8792222222222221)"
07-01-2023 12:52:32.745527,"(8.0, 10.5, 10.378378378378379)","(18.0, 25.0, 24.405405405405407)","(7.0, 9.8, 9.701754385964913)","(7.5, 8.8, 8.463492063492064)","(101.0, 180.0, 176.8421052631579)","(7.5, 9.8, 9.553846153846154)","(1.75, 1.88, 1.8792222222222221)"
07-01-2023 12:52:34.039605,"(8.0, 10.5, 10.38)","(18.0, 25.0, 24.895238095238096)","(7.0, 9.8, 9.701754385964913)","(7.5, 8.8, 8.463492063492064)","(101.0, 180.0, 176.8421052631579)","(7.5, 9.8, 9.553846153846154)","(1.75, 1.88, 1.8752866242038218)"
07-01-2023 12:52:35.226798,"(8.0, 10.5, 10.38)","(18.0, 25.0, 24.895238095238096)","(7.0, 9.8, 9.701754385964913)","(7.5, 8.8, 8.458823529411765)","(101.0, 180.0, 176.8421052631579)","(7.5, 9.8, 9.553846153846154)","(1.75, 1.88, 1.875)"
07-01-2023 12:52:36.203713,"(8.0, 10.5, 10.38)","(18.0, 25.0, 24.895238095238096)","(7.0, 9.8, 9.708196721311475)","(7.5, 8.6, 8.458823529411765)","(101.0, 180.0, 176.8421052631579)","(7.5, 9.8, 9.553846153846154)","(1.75, 1.88, 1.8815555555555556)"
07-01-2023 12:52:37.415650,"(8.0, 10.5, 10.38)","(18.0, 25.0, 24.895238095238096)","(7.0, 9.8, 9.708196721311475)","(7.5, 8.6, 8.454054054054055)","(101.0, 180.0, 176.8421052631579)","(7.5, 9.8, 9.562962962962963)","(1.75, 1.89, 1.882121212121212)"
07-01-2023 12:52:38.660787,"(8.0, 10.5, 10.316666666666666)","(18.0, 25.0, 24.789915966386555)","(7.0, 9.8, 9.708196721311475)","(7.5, 8.6, 8.454054054054055)","(101.0, 180.0, 176.8421052631579)","(7.5, 9.8, 9.546666666666667)","(1.75, 1.89, 1.885748502994012)"
07-01-2023 12:52:39.682728,"(8.0, 10.5, 10.11549295774648)","(18.0, 25.0, 24.789915966386555)","(7.0, 9.8, 9.708196721311475)","(7.5, 8.6, 8.454054054054055)","(101.0, 180.0, 176.8421052631579)","(7.5, 9.8, 9.546666666666667)","(1.75, 1.89, 1.88712)"
07-01-2023 12:52:40.670948,"(8.0, 10.5, 10.11549295774648)","(18.0, 25.0, 24.789915966386555)","(7.0, 9.8, 9.690196078431372)","(7.5, 8.6, 8.454054054054055)","(101.0, 180.0, 176.8421052631579)","(7.5, 9.8, 9.546666666666667)","(1.75, 1.89, 1.88712)"
07-01-2023 12:52:41.907097,"(8.0, 10.5, 10.368181818181817)","(18.0, 25.0, 24.728682170542637)","(7.0, 9.8, 9.544)","(7.5, 8.6, 8.3)","(101.0, 180.0, 176.8421052631579)","(7.5, 9.6, 9.31)","(1.75, 1.92, 1.9175806451612902)"
07-01-2023 12:52:43.160446,"(8.0, 10.5, 10.368181818181817)","(18.0, 25.0, 24.728682170542637)","(7.0, 9.8, 9.544)","(7.5, 8.4, 8.214285714285714)","(101.0, 180.0, 176.8421052631579)","(7.5, 9.4, 9.152941176470588)","(1.75, 1.92, 1.932162162162162)"
07-01-2023 12:52:44.402906,"(8.0, 10.5, 10.301980198019802)","(18.0, 25.0, 24.728682170542637)","(7.0, 9.8, 9.58867924528302)","(7.5, 8.4, 8.317460317460318)","(101.0, 180.0, 176.8421052631579)","(7.5, 9.2, 9.191959798994974)","(1.75, 1.94, 1.928943820224719)"
07-01-2023 12:52:45.534517,"(8.0, 10.5, 10.294736842105262)","(18.0, 25.0, 24.728682170542637)","(7.0, 9.8, 9.58867924528302)","(7.5, 8.4, 8.317460317460318)","(101.0, 180.0, 176.8421052631579)","(7.5, 9.2, 9.191959798994974)","(1.75, 1.94, 1.928705882352941)"
07-01-2023 12:52:46.729259,"(8.0, 10.5, 10.294736842105262)","(18.0, 25.0, 24.728682170542637)","(7.0, 9.8, 9.58867924528302)","(7.5, 8.4, 8.24705882352941)","(101.0, 180.0, 176.8421052631579)","(7.5, 9.2, 9.133333333333333)","(1.75, 1.93, 1.9266666666666665)"
07-01-2023 12:52:47.905104,"(8.0, 10.5, 10.291666666666666)","(18.0, 25.0, 24.789915966386555)","(7.0, 9.8, 9.575438596491228)","(7.5, 8.6, 8.470588235294118)","(101.0, 180.0, 176.8421052631579)","(7.5, 9.2, 9.187939698492462)","(1.75, 1.93, 1.9247999999999998)"
07-01-2023 12:52:49.116031,"(8.0, 10.5, 10.294736842105262)","(18.0, 25.0, 24.789915966386555)","(7.0, 9.8, 9.575438596491228)","(7.5, 8.6, 8.478688524590163)","(101.0, 180.0, 176.8421052631579)","(7.5, 9.2, 9.16244131455399)","(1.75, 1.93, 1.922962962962963)"
07-01-2023 12:52:50.369439,"(8.0, 10.5, 10.294736842105262)","(18.0, 25.0, 24.789915966386555)","(7.0, 9.8, 9.575438596491228)","(7.5, 8.6, 8.52972972972973)","(101.0, 180.0, 176.8421052631579)","(7.5, 9.2, 9.16244131455399)","(1.75, 1.93, 1.922962962962963)"
07-01-2023 12:52:51.408094,"(8.0, 10.5, 10.294736842105262)","(18.0, 25.0, 24.789915966386555)","(7.0, 9.8, 9.575438596491228)","(7.5, 8.6, 8.52972972972973)","(101.0, 180.0, 176.8421052631579)","(7.5, 9.2, 9.157407407407407)","(1.75, 1.93, 1.922962962962963)"
07-01-2023 12:52:52.481059,"(8.0, 10.5, 10.294736842105262)","(18.0, 25.0, 24.789915966386555)","(7.0, 9.8, 9.575438596491228)","(7.5, 8.6, 8.496)","(101.0, 180.0, 176.8421052631579)","(7.5, 9.2, 9.157407407407407)","(1.75, 1.93, 1.927704081632653)"
07-01-2023 12:52:53.580373,"(8.0, 10.5, 10.08)","(18.0, 25.0, 24.706766917293233)","(7.0, 9.8, 9.575438596491228)","(7.5, 8.6, 8.502127659574468)","(101.0, 180.0, 176.8421052631579)","(7.5, 9.2, 9.159825327510916)","(1.75, 1.93, 1.927704081632653)"
07-01-2023 12:52:54.734482,"(8.0, 10.5, 10.13090909090909)","(18.0, 25.0, 24.723076923076924)","(7.0, 9.8, 9.502325581395349)","(7.5, 8.6, 8.502127659574468)","(101.0, 180.0, 176.66666666666666)","(7.5, 9.2, 9.143636363636363)","(1.75, 1.93, 1.955929203539823)"
07-01-2023 12:52:55.903967,"(8.0, 10.0, 9.891764705882354)","(18.0, 25.0, 24.697674418604652)","(7.0, 9.6, 9.507692307692308)","(7.5, 8.6, 8.447058823529412)","(101.0, 180.0, 166.66666666666666)","(7.5, 9.2, 9.078787878787878)","(1.75, 1.96, 1.9522721088435373)"
07-01-2023 12:52:56.924310,"(8.0, 9.8, 9.763218390804598)","(18.0, 25.0, 24.706766917293233)","(7.0, 9.4, 9.386666666666667)","(7.5, 8.6, 8.437837837837836)","(101.0, 180.0, 169.0909090909091)","(7.5, 9.2, 9.078787878787878)","(1.75, 1.96, 1.9519763313609466)"
07-01-2023 12:52:58.107029,"(8.0, 9.8, 9.734177215189874)","(18.0, 25.0, 24.706766917293233)","(7.0, 9.4, 9.387804878048781)","(7.5, 8.6, 8.301666666666666)","(101.0, 180.0, 160.0)","(7.5, 9.2, 9.078787878787878)","(1.75, 1.96, 1.9520072115384615)"
07-01-2023 12:52:59.339244,"(8.0, 9.8, 9.741573033707866)","(18.0, 25.0, 24.706766917293233)","(7.0, 9.4, 9.387804878048781)","(7.5, 8.4, 8.43921568627451)","(101.0, 180.0, 162.0)","(7.5, 9.2, 9.078787878787878)","(1.75, 1.96, 1.9513362068965516)"
07-01-2023 12:53:00.586856,"(8.0, 9.8, 9.741573033707866)","(18.0, 25.0, 24.706766917293233)","(7.0, 9.4, 9.55813953488372)","(7.5, 8.6, 8.395041322314048)","(101.0, 180.0, 162.5)","(7.5, 9.2, 9.043243243243243)","(1.75, 1.96, 1.9515629322268326)"
07-01-2023 12:53:01.754978,"(8.0, 9.8, 9.68695652173913)","(18.0, 25.0, 24.666666666666668)","(7.0, 9.6, 9.518181818181818)","(7.5, 8.6, 8.395041322314048)","(101.0, 170.0, 165.71428571428572)","(7.5, 9.2, 9.123333333333333)","(1.75, 1.96, 1.9514829659318638)"
07-01-2023 12:53:02.770801,"(8.0, 9.8, 9.673170731707318)","(18.0, 25.0, 24.666666666666668)","(7.0, 9.6, 9.518181818181818)","(7.5, 8.6, 8.497142857142856)","(101.0, 170.0, 164.0)","(7.5, 9.2, 8.94)","(1.75, 1.96, 1.9658583690987124)"
07-01-2023 12:53:03.963408,"(8.0, 9.6, 9.539393939393939)","(18.0, 25.0, 24.567307692307693)","(7.0, 9.6, 9.531428571428572)","(7.5, 8.6, 8.519101123595506)","(101.0, 180.0, 171.42857142857142)","(7.5, 9.0, 8.937931034482759)","(1.75, 1.97, 1.9657559198542804)"
07-01-2023 12:53:05.178007,"(8.0, 9.6, 9.525)","(18.0, 25.0, 24.567307692307693)","(7.0, 9.6, 9.533333333333333)","(7.5, 8.6, 8.555882352941175)","(101.0, 180.0, 171.42857142857142)","(7.5, 9.0, 8.941176470588236)","(1.75, 1.97, 1.954054054054054)"
07-01-2023 12:53:06.426666,"(8.0, 9.6, 9.555056179775281)","(18.0, 25.0, 24.608695652173914)","(7.0, 9.8, 9.554666666666668)","(7.5, 8.6, 8.540909090909091)","(101.0, 180.0, 171.42857142857142)","(7.5, 9.0, 8.941176470588236)","(1.75, 1.96, 1.9469333333333332)"
07-01-2023 12:53:07.552996,"(8.0, 9.6, 9.555056179775281)","(18.0, 25.0, 24.6)","(7.0, 9.8, 9.517948717948718)","(7.5, 8.6, 8.540909090909091)","(101.0, 180.0, 171.42857142857142)","(7.5, 9.0, 8.941176470588236)","(1.75, 1.95, 1.956179775280899)"
07-01-2023 12:53:08.644891,"(8.0, 9.8, 9.467924528301888)","(18.0, 25.0, 24.63302752293578)","(7.0, 9.6, 9.517948717948718)","(7.5, 8.6, 8.540909090909091)","(101.0, 180.0, 171.42857142857142)","(7.5, 9.0, 8.941176470588236)","(1.75, 1.96, 1.9623931623931623)"
07-01-2023 12:53:09.918588,"(8.0, 9.4, 9.380645161290323)","(18.0, 25.0, 24.63302752293578)","(7.0, 9.6, 9.538461538461538)","(7.5, 8.6, 8.533333333333333)","(101.0, 180.0, 171.42857142857142)","(7.5, 9.0, 8.935849056603773)","(1.75, 1.97, 1.9623931623931623)"
07-01-2023 12:53:11.249780,"(8.0, 9.4, 9.3)","(18.0, 25.0, 24.63302752293578)","(7.0, 9.6, 9.538461538461538)","(7.5, 8.6, 8.64)","(101.0, 180.0, 171.42857142857142)","(7.5, 9.0, 8.962162162162162)","(1.75, 1.97, 1.9628662420382166)"
07-01-2023 12:53:12.456235,"(8.0, 9.4, 9.346236559139784)","(18.0, 25.0, 24.63302752293578)","(7.0, 9.6, 9.538461538461538)","(7.5, 8.8, 8.56986301369863)","(101.0, 180.0, 171.42857142857142)","(7.5, 9.0, 8.962162162162162)","(1.75, 1.97, 1.9653296703296703)"
07-01-2023 12:53:13.532164,"(8.0, 9.4, 9.346236559139784)","(18.0, 25.0, 24.63302752293578)","(7.0, 9.6, 9.538461538461538)","(7.5, 8.6, 8.56986301369863)","(101.0, 180.0, 171.42857142857142)","(7.5, 9.0, 8.962162162162162)","(1.75, 1.97, 1.9653296703296703)"
07-01-2023 12:53:14.693323,"(8.0, 9.4, 9.342553191489362)","(18.0, 25.0, 24.598214285714285)","(7.0, 9.6, 9.516)","(7.5, 8.6, 8.802531645569621)","(101.0, 180.0, 200.0)","(7.5, 9.0, 8.961111111111112)","(1.75, 1.97, 1.9557142857142857)"
07-01-2023 12:53:15.877689,"(8.0, 9.4, 9.26153846153846)","(18.0, 25.0, 24.598214285714285)","(7.0, 9.6, 9.507407407407408)","(7.5, 9.0, 8.778378378378378)","(101.0, 210.0, 206.0)","(7.5, 9.0, 8.95076923076923)","(1.75, 1.97, 1.9584057971014492)"
07-01-2023 12:53:17.045913,"(8.0, 9.2, 9.180459770114942)","(18.0, 25.0, 24.598214285714285)","(7.5, 9.6, 9.507407407407408)","(7.5, 9.0, 8.758823529411764)","(101.0, 210.0, 206.0)","(7.5, 9.0, 8.95076923076923)","(1.75, 1.96, 1.95825)"
07-01-2023 12:53:18.070182,"(8.0, 9.4, 9.318048780487805)","(18.0, 25.0, 24.598214285714285)","(7.5, 9.6, 9.507407407407408)","(7.5, 9.0, 8.758823529411764)","(101.0, 210.0, 202.5)","(7.5, 9.0, 8.95076923076923)","(1.75, 1.96, 1.9588034188034187)"
07-01-2023 12:53:19.121269,"(8.0, 9.4, 9.31047619047619)","(18.0, 25.0, 24.650485436893202)","(7.5, 9.6, 9.370909090909091)","(7.5, 9.0, 8.864864864864865)","(101.0, 210.0, 202.5)","(7.5, 9.0, 8.95076923076923)","(1.75, 1.96, 1.9588034188034187)"
07-01-2023 12:53:20.254903,"(8.0, 9.4, 9.31047619047619)","(18.0, 25.0, 24.650485436893202)","(7.5, 9.4, 9.370909090909091)","(7.5, 9.0, 8.904347826086957)","(101.0, 210.0, 202.5)","(7.5, 9.0, 8.952529182879378)","(1.75, 1.96, 1.959765625)"
07-01-2023 12:53:21.449438,"(8.0, 9.4, 9.31047619047619)","(18.0, 25.0, 24.650485436893202)","(7.5, 9.4, 9.370909090909091)","(7.5, 9.0, 8.904347826086957)","(101.0, 210.0, 202.5)","(7.5, 9.0, 8.952529182879378)","(1.75, 1.96, 1.9596703296703297)"
07-01-2023 12:53:22.544763,"(8.0, 9.4, 9.325)","(18.0, 25.0, 24.650485436893202)","(7.5, 9.4, 9.370909090909091)","(7.5, 9.0, 8.904347826086957)","(101.0, 210.0, 204.28571428571428)","(7.5, 9.0, 8.952529182879378)","(1.8, 1.96, 1.9596703296703297)"
07-01-2023 12:53:23.743066,"(8.0, 9.4, 9.325)","(18.0, 25.0, 24.650485436893202)","(7.0, 9.4, 9.370909090909091)","(7.5, 9.0, 8.904347826086957)","(101.0, 210.0, 202.5)","(7.5, 9.0, 8.952529182879378)","(1.8, 1.96, 1.9596703296703297)"
07-01-2023 12:53:24.889859,"(8.0, 9.4, 9.276923076923076)","(18.0, 25.0, 24.650485436893202)","(7.0, 9.4, 9.370909090909091)","(7.5, 9.0, 8.904347826086957)","(101.0, 210.0, 202.5)","(7.5, 9.0, 8.95076923076923)","(1.8, 1.96, 1.9597619047619048)"
07-01-2023 12:53:26.070477,"(8.0, 9.4, 9.254545454545454)","(18.0, 25.0, 24.650485436893202)","(7.0, 9.4, 9.349333333333334)","(7.5, 9.0, 8.845714285714287)","(101.0, 210.0, 190.0)","(7.5, 9.0, 8.942545454545455)","(1.8, 1.96, 1.9642124542124542)"
07-01-2023 12:53:27.311080,"(8.0, 9.4, 9.287224669603525)","(18.0, 25.0, 24.650485436893202)","(7.0, 9.4, 9.349333333333334)","(7.5, 9.0, 8.928571428571429)","(101.0, 210.0, 190.0)","(7.5, 9.0, 8.945185185185185)","(1.8, 1.97, 1.9628899082568807)"
07-01-2023 12:53:28.471597,"(8.0, 9.4, 9.286222222222223)","(18.0, 25.0, 24.650485436893202)","(7.0, 9.4, 9.349333333333334)","(7.5, 9.0, 8.892307692307693)","(101.0, 210.0, 199.0909090909091)","(7.5, 9.0, 9.06875)","(1.8, 1.97, 1.9645945945945946)"
07-01-2023 12:53:29.636563,"(8.0, 9.4, 9.279245283018868)","(18.0, 25.0, 24.650485436893202)","(7.0, 9.4, 9.349333333333334)","(7.5, 9.0, 8.95897435897436)","(101.0, 210.0, 199.0909090909091)","(7.5, 9.2, 9.104761904761904)","(1.8, 1.97, 1.9387134502923975)"
07-01-2023 12:53:30.623480,"(8.0, 9.4, 9.285106382978723)","(18.0, 25.0, 24.660377358490567)","(7.0, 9.6, 9.421782178217821)","(7.5, 9.0, 8.95897435897436)","(101.0, 210.0, 199.0909090909091)","(7.5, 9.2, 9.104761904761904)","(1.8, 1.94, 1.9387134502923975)"
07-01-2023 12:53:31.853981,"(8.0, 9.8, 9.659574468085106)","(18.0, 25.0, 24.650485436893202)","(7.0, 9.6, 9.47047619047619)","(7.5, 9.0, 9.067415730337078)","(101.0, 210.0, 190.0)","(7.5, 9.2, 9.1)","(1.8, 1.93, 1.922923076923077)"
07-01-2023 12:53:33.053871,"(8.0, 9.8, 9.612499999999999)","(18.0, 25.0, 24.67676767676768)","(7.0, 9.6, 9.375675675675677)","(7.5, 9.2, 9.04406779661017)","(101.0, 210.0, 190.0)","(7.5, 9.2, 9.108823529411765)","(1.8, 1.93, 1.9203716216216216)"
07-01-2023 12:53:34.063138,"(8.0, 9.8, 9.501492537313434)","(18.0, 25.0, 24.67676767676768)","(7.0, 9.4, 9.375675675675677)","(7.5, 9.2, 9.04406779661017)","(101.0, 210.0, 190.0)","(7.5, 9.2, 9.108823529411765)","(1.8, 1.93, 1.9203716216216216)"
07-01-2023 12:53:35.174204,"(8.0, 9.8, 9.501492537313434)","(18.0, 25.0, 24.67676767676768)","(7.0, 9.4, 9.396969696969697)","(7.5, 9.2, 9.051063829787234)","(101.0, 200.0, 173.68421052631578)","(7.5, 9.2, 9.2)","(1.8, 1.92, 1.9119391634980987)"
07-01-2023 12:53:36.384732,"(8.0, 9.8, 9.54025974025974)","(18.0, 25.0, 24.64835164835165)","(7.0, 9.6, 9.41132075471698)","(7.5, 9.2, 9.075)","(101.0, 200.0, 164.28571428571428)","(7.5, 9.4, 9.24)","(1.8, 1.92, 1.9119391634980987)"
07-01-2023 12:53:37.512899,"(8.0, 9.8, 9.54025974025974)","(18.0, 25.0, 24.64835164835165)","(7.0, 9.6, 9.41132075471698)","(7.5, 9.2, 9.075)","(101.0, 200.0, 164.28571428571428)","(7.5, 9.4, 9.24)","(1.8, 1.92, 1.9119391634980987)"
07-01-2023 12:53:38.681014,"(8.0, 9.8, 9.571428571428571)","(18.0, 25.0, 24.64835164835165)","(7.0, 9.6, 9.42142857142857)","(7.5, 9.2, 9.04782608695652)","(101.0, 200.0, 173.68421052631578)","(7.5, 9.4, 9.36)","(1.8, 1.92, 1.9093406593406592)"
07-01-2023 12:53:39.762155,"(8.0, 9.8, 9.588235294117647)","(18.0, 25.0, 24.636363636363637)","(7.0, 9.6, 9.42142857142857)","(7.5, 9.2, 9.0)","(101.0, 200.0, 164.28571428571428)","(7.5, 9.4, 9.462686567164178)","(1.8, 1.91, 1.90925)"
07-01-2023 12:53:40.963096,"(8.0, 9.8, 9.616949152542373)","(18.0, 25.0, 24.621052631578948)","(7.0, 9.6, 9.396825396825397)","(7.5, 9.0, 8.969620253164557)","(101.0, 200.0, 161.42857142857142)","(7.5, 9.6, 9.45142857142857)","(1.8, 1.91, 1.9152422907488986)"
07-01-2023 12:53:42.305385,"(8.0, 9.8, 9.616949152542373)","(18.0, 25.0, 24.621052631578948)","(7.0, 9.4, 9.39622641509434)","(7.5, 9.0, 8.969620253164557)","(101.0, 190.0, 161.42857142857142)","(7.5, 9.6, 9.45142857142857)","(1.8, 1.92, 1.9292342342342341)"
07-01-2023 12:53:43.533012,"(8.0, 9.4, 9.311111111111112)","(18.0, 25.0, 24.621052631578948)","(7.0, 9.4, 9.39622641509434)","(7.5, 9.0, 8.969620253164557)","(101.0, 190.0, 161.42857142857142)","(7.5, 9.6, 9.45142857142857)","(1.8, 1.93, 1.9281818181818182)"
07-01-2023 12:53:44.759943,"(8.0, 9.4, 9.311111111111112)","(18.0, 25.0, 24.621052631578948)","(7.0, 9.4, 9.39622641509434)","(7.5, 9.0, 8.969620253164557)","(101.0, 190.0, 168.94736842105263)","(7.5, 9.6, 9.45142857142857)","(1.8, 1.93, 1.9317171717171717)"
07-01-2023 12:53:45.919066,"(8.0, 9.2, 9.151020408163264)","(18.0, 25.0, 24.621052631578948)","(7.0, 9.4, 9.39622641509434)","(7.5, 9.0, 8.969620253164557)","(101.0, 190.0, 161.42857142857142)","(7.5, 9.6, 9.45142857142857)","(1.8, 1.94, 1.9301006036217303)"
07-01-2023 12:53:47.035874,"(8.0, 9.2, 9.151020408163264)","(18.0, 26.0, 25.275)","(7.0, 9.4, 9.36)","(7.5, 9.0, 8.969620253164557)","(101.0, 190.0, 161.42857142857142)","(7.5, 9.6, 9.45142857142857)","(1.8, 1.94, 1.9326785714285715)"
07-01-2023 12:53:48.302071,"(8.0, 9.2, 9.1)","(18.0, 26.0, 25.275)","(7.0, 9.4, 9.344615384615384)","(7.5, 9.0, 8.969620253164557)","(101.0, 190.0, 161.42857142857142)","(7.5, 9.6, 9.428571428571429)","(1.8, 1.94, 1.9324539877300613)"
07-01-2023 12:53:49.631813,"(8.0, 9.4, 9.274626865671642)","(18.0, 26.0, 25.2972972972973)","(7.0, 9.4, 9.344615384615384)","(7.5, 9.0, 8.969620253164557)","(101.0, 190.0, 174.0)","(7.5, 9.6, 9.428571428571429)","(1.8, 1.94, 1.9338333333333333)"
07-01-2023 12:53:50.734666,"(8.0, 9.4, 9.175238095238095)","(18.0, 26.0, 25.2972972972973)","(7.0, 9.4, 9.345454545454546)","(7.5, 9.0, 8.969620253164557)","(101.0, 180.0, 174.0)","(7.5, 9.6, 9.428571428571429)","(1.8, 1.94, 1.9405595930232558)"
07-01-2023 12:53:51.942141,"(8.0, 9.0, 8.82)","(18.0, 26.0, 25.235294117647058)","(7.0, 9.4, 9.345454545454546)","(7.5, 9.0, 8.969620253164557)","(101.0, 180.0, 174.0)","(7.5, 9.6, 9.428571428571429)","(1.8, 1.95, 1.9403276247207744)"
07-01-2023 12:53:53.118040,"(8.0, 9.0, 8.817543859649124)","(18.0, 26.0, 25.48453608247423)","(7.0, 9.4, 9.251851851851852)","(7.5, 9.0, 8.969620253164557)","(101.0, 180.0, 174.0)","(7.5, 9.6, 9.428571428571429)","(1.8, 1.95, 1.9411211072664358)"
07-01-2023 12:53:54.294829,"(8.0, 9.0, 8.77142857142857)","(18.0, 26.0, 25.48453608247423)","(7.0, 9.4, 9.16140350877193)","(7.5, 9.0, 8.966666666666667)","(101.0, 180.0, 177.0)","(7.5, 9.6, 9.45142857142857)","(1.8, 1.95, 1.9372180451127818)"
07-01-2023 12:53:55.403968,"(8.0, 9.2, 8.91948051948052)","(18.0, 26.0, 25.44)","(7.0, 9.2, 9.27878787878788)","(7.5, 9.0, 9.063063063063062)","(101.0, 180.0, 170.0)","(7.5, 9.6, 9.521212121212121)","(1.8, 1.94, 1.9280737704918032)"
07-01-2023 12:53:56.495953,"(8.0, 9.2, 9.014705882352942)","(18.0, 26.0, 25.066666666666666)","(7.0, 9.4, 9.319191919191919)","(7.5, 9.2, 9.063063063063062)","(101.0, 180.0, 170.0)","(7.5, 9.6, 9.54814814814815)","(1.8, 1.93, 1.9270520231213872)"
07-01-2023 12:53:57.607920,"(8.0, 9.2, 9.014705882352942)","(18.0, 26.0, 25.046511627906977)","(7.0, 9.4, 9.300952380952381)","(7.5, 9.2, 9.031746031746032)","(101.0, 180.0, 170.0)","(7.5, 9.8, 9.666666666666666)","(1.8, 1.93, 1.9271186440677965)"
07-01-2023 12:53:58.661901,"(8.0, 9.0, 8.958441558441558)","(18.0, 25.0, 24.9)","(7.0, 9.4, 9.290909090909091)","(7.5, 9.0, 9.043956043956044)","(101.0, 180.0, 170.0)","(7.5, 9.8, 9.666666666666666)","(1.8, 1.93, 1.9268711656441717)"
07-01-2023 12:53:59.888608,"(8.0, 9.2, 8.994285714285715)","(18.0, 26.0, 25.27433628318584)","(7.0, 9.4, 9.27142857142857)","(7.5, 9.2, 9.068131868131868)","(101.0, 180.0, 170.0)","(7.5, 9.8, 9.627272727272727)","(1.8, 1.93, 1.9175404530744335)"
07-01-2023 12:54:00.984346,"(8.0, 9.2, 9.097142857142856)","(18.0, 26.0, 25.27433628318584)","(7.0, 9.4, 9.27142857142857)","(7.5, 9.2, 9.065263157894737)","(101.0, 180.0, 170.0)","(7.5, 9.8, 9.624489795918366)","(1.8, 1.92, 1.918299319727891)"
07-01-2023 12:54:02.009895,"(8.0, 9.2, 9.097142857142856)","(18.0, 26.0, 25.27433628318584)","(7.0, 9.4, 9.27142857142857)","(7.5, 9.2, 9.068131868131868)","(101.0, 180.0, 170.0)","(7.5, 9.8, 9.45)","(1.8, 1.92, 1.9188405797101449)"
07-01-2023 12:54:03.087761,"(8.0, 9.2, 9.1)","(18.0, 26.0, 25.22222222222222)","(7.5, 9.4, 9.28)","(7.5, 9.2, 9.066666666666666)","(101.0, 180.0, 164.0)","(7.5, 9.6, 9.37142857142857)","(1.75, 1.92, 1.919172932330827)"
07-01-2023 12:54:04.222581,"(8.0, 9.2, 9.092631578947367)","(18.0, 26.0, 25.22222222222222)","(7.5, 9.4, 9.461971830985915)","(7.5, 9.2, 9.055384615384614)","(101.0, 180.0, 164.0)","(7.5, 9.6, 9.357894736842105)","(1.75, 1.92, 1.9186404293381036)"
07-01-2023 12:54:05.433516,"(8.0, 9.4, 9.245454545454544)","(18.0, 26.0, 25.096774193548388)","(7.5, 9.6, 9.458666666666668)","(7.5, 9.2, 9.055384615384614)","(101.0, 180.0, 164.0)","(7.5, 9.4, 9.251063829787233)","(1.75, 1.92, 1.917505285412262)"
07-01-2023 12:54:06.533437,"(8.0, 9.4, 9.241666666666665)","(18.0, 26.0, 25.096774193548388)","(7.5, 9.6, 9.458666666666668)","(7.5, 9.2, 9.027586206896551)","(101.0, 180.0, 166.66666666666666)","(7.5, 9.4, 9.214473684210526)","(1.75, 1.92, 1.9157)"
07-01-2023 12:54:07.580805,"(8.0, 9.4, 9.334246575342465)","(18.0, 26.0, 25.44)","(7.5, 9.6, 9.475294117647058)","(7.5, 9.2, 9.027586206896551)","(101.0, 180.0, 175.0)","(7.5, 9.4, 9.18)","(1.75, 1.92, 1.9157)"
07-01-2023 12:54:08.626847,"(8.0, 9.4, 9.34)","(18.0, 26.0, 25.44)","(7.5, 9.6, 9.482051282051282)","(7.5, 9.2, 9.019130434782609)","(101.0, 180.0, 173.33333333333334)","(7.5, 9.2, 9.18)","(1.75, 1.92, 1.9158333333333333)"
07-01-2023 12:54:09.736288,"(8.0, 9.4, 9.34)","(18.0, 26.0, 25.52542372881356)","(7.5, 9.8, 9.641379310344828)","(7.5, 9.2, 9.149999999999999)","(101.0, 190.0, 173.33333333333334)","(7.5, 9.2, 9.18)","(1.75, 1.92, 1.915955882352941)"
07-01-2023 12:54:10.900230,"(8.0, 9.4, 9.396491228070175)","(18.0, 26.0, 25.51145038167939)","(7.5, 9.8, 9.68235294117647)","(7.5, 9.0, 8.951724137931034)","(101.0, 190.0, 173.33333333333334)","(7.5, 9.2, 9.18)","(1.75, 1.92, 1.915126050420168)"
07-01-2023 12:54:12.041077,"(8.0, 9.4, 9.396491228070175)","(18.0, 26.0, 25.51145038167939)","(7.5, 9.8, 9.633333333333333)","(7.5, 9.0, 8.893617021276595)","(101.0, 190.0, 173.33333333333334)","(7.5, 9.2, 9.178823529411764)","(1.75, 1.92, 1.9145794392523363)"
07-01-2023 12:54:13.131002,"(8.0, 9.6, 9.46376811594203)","(18.0, 26.0, 25.51145038167939)","(7.5, 9.8, 9.63265306122449)","(7.5, 9.0, 8.893617021276595)","(101.0, 190.0, 177.77777777777777)","(7.5, 9.2, 9.17313432835821)","(1.75, 1.92, 1.9261085972850678)"
07-01-2023 12:54:14.148473,"(8.0, 9.6, 9.518181818181818)","(18.0, 26.0, 25.51145038167939)","(7.5, 9.8, 9.613636363636363)","(7.5, 9.0, 8.893617021276595)","(101.0, 180.0, 177.5)","(7.5, 9.2, 9.17410071942446)","(1.75, 1.93, 1.915)"
07-01-2023 12:54:15.201910,"(8.0, 9.6, 9.45)","(19.0, 26.0, 25.125)","(7.5, 9.8, 9.640776699029127)","(7.5, 9.0, 8.963934426229509)","(101.0, 180.0, 175.0)","(8.0, 9.2, 9.134545454545455)","(1.75, 1.92, 1.9065294117647058)"
07-01-2023 12:54:16.339790,"(8.0, 9.6, 9.580487804878048)","(19.0, 26.0, 25.11111111111111)","(7.5, 9.8, 9.640776699029127)","(7.5, 9.0, 8.978571428571428)","(101.0, 190.0, 175.0)","(8.0, 9.2, 9.134545454545455)","(1.75, 1.91, 1.9058715596330273)"
07-01-2023 12:54:17.416476,"(8.0, 9.8, 9.56)","(19.0, 26.0, 25.11111111111111)","(7.5, 9.8, 9.640776699029127)","(7.5, 9.0, 8.978571428571428)","(101.0, 190.0, 175.0)","(8.0, 9.2, 9.134545454545455)","(1.75, 1.91, 1.9023728813559322)"
07-01-2023 12:54:18.478241,"(8.0, 9.8, 9.632558139534883)","(19.0, 26.0, 25.11111111111111)","(7.5, 9.8, 9.640776699029127)","(7.5, 9.0, 8.99527559055118)","(101.0, 190.0, 175.0)","(8.0, 9.2, 9.147058823529411)","(1.75, 1.91, 1.9020459770114941)"
07-01-2023 12:54:19.451896,"(8.0, 9.8, 9.632558139534883)","(19.0, 26.0, 25.151515151515152)","(7.5, 9.8, 9.621739130434783)","(7.5, 9.2, 8.99527559055118)","(101.0, 190.0, 186.66666666666666)","(8.0, 9.2, 9.147058823529411)","(1.75, 1.91, 1.891593137254902)"
07-01-2023 12:54:20.495252,"(8.0, 9.8, 9.784)","(19.0, 26.0, 25.26)","(7.5, 9.8, 9.614736842105264)","(7.5, 9.4, 9.161290322580646)","(101.0, 190.0, 185.0)","(8.0, 9.2, 9.273728813559321)","(1.75, 1.9, 1.892914798206278)"
07-01-2023 12:54:21.675230,"(8.0, 9.8, 9.746031746031747)","(19.0, 26.0, 25.11904761904762)","(7.5, 9.8, 9.614736842105264)","(7.5, 9.4, 9.137142857142857)","(101.0, 200.0, 184.7058823529412)","(8.0, 9.4, 9.309342560553633)","(1.75, 1.9, 1.892914798206278)"
07-01-2023 12:54:22.900972,"(8.0, 9.8, 9.720588235294118)","(19.0, 26.0, 25.11904761904762)","(7.5, 9.8, 9.63030303030303)","(7.5, 9.4, 9.143283582089552)","(101.0, 200.0, 184.7058823529412)","(8.0, 9.4, 9.310104529616725)","(1.75, 1.9, 1.8828256070640175)"
07-01-2023 12:54:23.965204,"(8.0, 9.8, 9.677272727272728)","(19.0, 26.0, 25.11904761904762)","(7.5, 9.8, 9.63030303030303)","(7.5, 9.4, 9.143283582089552)","(101.0, 200.0, 184.7058823529412)","(8.0, 9.4, 9.302265372168284)","(1.75, 1.89, 1.884012539184953)"
07-01-2023 12:54:25.146186,"(8.0, 9.8, 9.664150943396226)","(19.0, 26.0, 25.11904761904762)","(7.5, 9.8, 9.627027027027026)","(7.5, 9.4, 9.143283582089552)","(101.0, 200.0, 184.7058823529412)","(8.0, 9.4, 9.302265372168284)","(1.75, 1.89, 1.8804109589041096)"
07-01-2023 12:54:26.433216,"(8.0, 9.8, 9.675555555555556)","(19.0, 26.0, 25.11904761904762)","(7.5, 9.8, 9.625641025641025)","(7.5, 9.4, 9.116923076923078)","(101.0, 200.0, 184.7058823529412)","(8.0, 9.4, 9.302265372168284)","(1.75, 1.89, 1.8803947368421052)"
07-01-2023 12:54:27.584854,"(8.0, 9.8, 9.675555555555556)","(19.0, 26.0, 25.11904761904762)","(7.5, 9.8, 9.625641025641025)","(7.5, 9.4, 9.116923076923078)","(101.0, 200.0, 192.35294117647058)","(8.0, 9.4, 9.302265372168284)","(1.75, 1.89, 1.8824842105263158)"
07-01-2023 12:54:28.651738,"(8.0, 9.8, 9.675555555555556)","(19.0, 26.0, 25.11904761904762)","(7.5, 9.8, 9.625641025641025)","(7.5, 9.4, 9.116923076923078)","(101.0, 200.0, 192.35294117647058)","(8.0, 9.4, 9.302265372168284)","(1.75, 1.9, 1.8823529411764706)"
07-01-2023 12:54:29.679212,"(8.0, 9.8, 9.675555555555556)","(19.0, 26.0, 25.11904761904762)","(7.5, 9.8, 9.621052631578948)","(7.5, 9.4, 9.116923076923078)","(101.0, 200.0, 192.35294117647058)","(8.0, 9.4, 9.302265372168284)","(1.75, 1.9, 1.8912237093690247)"
07-01-2023 12:54:30.782919,"(8.0, 9.8, 9.675555555555556)","(19.0, 26.0, 25.11904761904762)","(7.5, 9.6, 9.560824742268041)","(8.0, 9.2, 9.088372093023256)","(101.0, 200.0, 192.35294117647058)","(8.0, 9.4, 9.268695652173912)","(1.75, 1.9, 1.8906134969325152)"
07-01-2023 12:54:31.921307,"(8.0, 9.8, 9.675555555555556)","(19.0, 26.0, 25.11904761904762)","(7.5, 9.6, 9.551351351351352)","(8.0, 9.2, 9.115151515151515)","(101.0, 200.0, 192.35294117647058)","(8.0, 9.4, 9.281102362204724)","(1.75, 1.9, 1.8864893617021277)"
07-01-2023 12:54:33.127990,"(8.0, 9.8, 9.68095238095238)","(19.0, 27.0, 26.325581395348838)","(7.5, 9.6, 9.503529411764706)","(8.0, 9.2, 9.068571428571428)","(101.0, 200.0, 192.35294117647058)","(8.0, 9.4, 9.268695652173912)","(1.75, 1.89, 1.8927927927927928)"
07-01-2023 12:54:34.284574,"(8.0, 9.6, 9.552083333333334)","(19.0, 27.0, 26.325581395348838)","(7.5, 9.6, 9.477611940298507)","(8.0, 9.2, 9.244444444444444)","(101.0, 200.0, 192.35294117647058)","(8.0, 9.4, 9.284732824427481)","(1.75, 1.9, 1.8919242902208202)"
07-01-2023 12:54:35.493837,"(8.0, 9.2, 9.182857142857141)","(19.0, 27.0, 26.358974358974358)","(7.5, 9.6, 9.477611940298507)","(8.0, 9.4, 9.244444444444444)","(101.0, 200.0, 192.94117647058823)","(8.0, 9.4, 9.389915966386555)","(1.75, 1.9, 1.8841818181818182)"
07-01-2023 12:54:36.749316,"(8.0, 9.4, 9.293877551020408)","(19.0, 27.0, 26.622222222222224)","(7.5, 9.8, 9.747619047619049)","(8.0, 9.6, 9.288888888888888)","(101.0, 200.0, 192.94117647058823)","(8.0, 9.4, 9.390625)","(1.75, 1.89, 1.8854716981132076)"
07-01-2023 12:54:37.832003,"(8.0, 9.4, 9.293877551020408)","(19.0, 27.0, 26.622222222222224)","(7.5, 9.8, 9.691304347826087)","(8.0, 9.6, 9.209756097560975)","(101.0, 200.0, 192.72727272727272)","(8.0, 9.4, 9.33939393939394)","(1.75, 1.89, 1.887420382165605)"
07-01-2023 12:54:39.009347,"(8.0, 9.4, 9.266666666666666)","(19.0, 27.0, 26.622222222222224)","(7.5, 9.8, 9.691304347826087)","(8.0, 9.6, 9.209756097560975)","(101.0, 200.0, 192.72727272727272)","(8.0, 9.4, 9.33939393939394)","(1.75, 1.89, 1.8847868217054262)"
07-01-2023 12:54:40.103108,"(8.0, 9.4, 9.210526315789473)","(20.0, 27.0, 26.622222222222224)","(7.5, 9.8, 9.738983050847459)","(8.0, 9.2, 9.167469879518071)","(101.0, 200.0, 192.25806451612902)","(8.0, 9.4, 9.33939393939394)","(1.75, 1.89, 1.8837690355329948)"
07-01-2023 12:54:41.198757,"(8.0, 9.4, 9.210526315789473)","(20.0, 27.0, 26.622222222222224)","(7.5, 9.8, 9.726530612244899)","(8.0, 9.2, 9.25)","(101.0, 200.0, 192.25806451612902)","(8.0, 9.4, 9.543589743589743)","(1.75, 1.89, 1.879032258064516)"
07-01-2023 12:54:42.219682,"(8.0, 9.4, 9.273170731707317)","(20.0, 27.0, 26.622222222222224)","(7.5, 9.8, 9.736842105263158)","(8.0, 9.4, 9.325)","(101.0, 200.0, 192.25806451612902)","(8.0, 9.6, 9.530232558139534)","(1.75, 1.88, 1.8696821515892421)"
07-01-2023 12:54:43.299778,"(8.0, 9.6, 9.44)","(20.0, 27.0, 26.622222222222224)","(7.5, 9.8, 9.744615384615384)","(8.0, 9.4, 9.333333333333334)","(101.0, 200.0, 192.25806451612902)","(8.0, 9.6, 9.521052631578947)","(1.75, 1.87, 1.869588377723971)"
07-01-2023 12:54:44.339278,"(8.0, 9.6, 9.417391304347827)","(20.0, 27.0, 26.622222222222224)","(7.5, 9.8, 9.744615384615384)","(8.0, 9.4, 9.333333333333334)","(101.0, 200.0, 192.25806451612902)","(8.0, 9.6, 9.382608695652173)","(1.75, 1.87, 1.8680161943319837)"
07-01-2023 12:54:45.542181,"(8.0, 9.6, 9.417391304347827)","(20.0, 27.0, 26.636363636363637)","(7.5, 9.8, 9.742857142857144)","(8.0, 9.4, 9.330232558139535)","(101.0, 200.0, 192.25806451612902)","(8.0, 9.4, 9.346938775510203)","(1.75, 1.88, 1.8808408071748879)"
07-01-2023 12:54:46.475877,"(8.0, 9.4, 9.253333333333332)","(20.0, 27.0, 26.675675675675677)","(7.5, 9.8, 9.742857142857144)","(8.0, 9.4, 9.330232558139535)","(101.0, 200.0, 192.25806451612902)","(8.0, 9.4, 9.346938775510203)","(1.75, 1.89, 1.8808408071748879)"
07-01-2023 12:54:47.607338,"(8.0, 9.4, 9.244444444444444)","(20.0, 27.0, 26.764705882352942)","(7.5, 9.8, 9.742857142857144)","(8.0, 9.4, 9.292857142857143)","(101.0, 200.0, 175.45454545454547)","(8.0, 9.4, 9.484444444444444)","(1.75, 1.89, 1.8742171189979124)"
07-01-2023 12:54:48.782794,"(8.0, 9.4, 9.235294117647058)","(20.0, 27.0, 26.612903225806452)","(7.5, 9.8, 9.734545454545454)","(8.0, 9.4, 9.269565217391303)","(101.0, 180.0, 171.25)","(8.0, 9.6, 9.415126050420168)","(1.75, 1.89, 1.8838193343898573)"
07-01-2023 12:54:49.975436,"(8.0, 9.4, 9.21111111111111)","(20.0, 27.0, 26.612903225806452)","(7.5, 9.8, 9.734545454545454)","(8.0, 9.4, 9.269565217391303)","(101.0, 180.0, 171.25)","(8.0, 9.6, 9.415126050420168)","(1.75, 1.89, 1.883423271500843)"
07-01-2023 12:54:51.064444,"(8.0, 9.4, 9.212)","(20.0, 27.0, 26.612903225806452)","(7.5, 9.8, 9.742857142857144)","(8.0, 9.4, 9.441758241758242)","(101.0, 180.0, 171.66666666666666)","(8.0, 9.6, 9.441509433962263)","(1.75, 1.89, 1.8728846153846155)"
07-01-2023 12:54:52.063948,"(8.0, 9.4, 9.284444444444444)","(20.0, 27.0, 26.653846153846153)","(7.5, 9.8, 9.742857142857144)","(8.0, 9.6, 9.441758241758242)","(101.0, 180.0, 171.66666666666666)","(8.0, 9.6, 9.453465346534653)","(1.75, 1.88, 1.8760301507537687)"
07-01-2023 12:54:53.145860,"(8.0, 9.4, 9.3)","(20.0, 27.0, 26.695652173913043)","(7.5, 9.8, 9.6)","(8.0, 9.6, 9.563025210084033)","(101.0, 170.0, 167.14285714285714)","(8.0, 9.6, 9.498630136986302)","(1.75, 1.88, 1.8710548523206751)"
07-01-2023 12:54:54.204717,"(8.0, 9.6, 9.383606557377048)","(20.0, 27.0, 26.551724137931036)","(7.5, 9.6, 9.5)","(8.0, 9.6, 9.563025210084033)","(101.0, 170.0, 167.14285714285714)","(8.0, 9.6, 9.776068376068377)","(1.75, 1.88, 1.865763888888889)"
07-01-2023 12:54:55.219097,"(8.0, 9.6, 9.379199999999999)","(20.0, 27.0, 26.551724137931036)","(8.0, 9.6, 9.432558139534883)","(8.0, 9.6, 9.558974358974359)","(101.0, 170.0, 167.14285714285714)","(8.0, 9.8, 9.776068376068377)","(1.75, 1.88, 1.8657295850066935)"
07-01-2023 12:54:56.272833,"(8.0, 9.6, 9.406993006993007)","(20.0, 27.0, 26.551724137931036)","(8.0, 9.6, 9.44516129032258)","(8.0, 9.6, 9.558974358974359)","(101.0, 170.0, 167.14285714285714)","(8.0, 9.8, 9.791740412979351)","(1.75, 1.88, 1.8703442028985509)"
07-01-2023 12:54:57.285618,"(8.0, 9.6, 9.406993006993007)","(20.0, 27.0, 26.551724137931036)","(8.0, 9.6, 9.445569620253165)","(8.0, 9.4, 9.31578947368421)","(101.0, 170.0, 167.14285714285714)","(8.0, 9.8, 9.791740412979351)","(1.75, 1.88, 1.8703417266187052)"
07-01-2023 12:54:58.203417,"(8.0, 9.4, 9.358620689655172)","(20.0, 27.0, 26.5)","(7.5, 9.6, 9.441558441558442)","(8.0, 9.4, 9.244444444444444)","(101.0, 170.0, 166.66666666666666)","(8.0, 10.0, 9.954285714285714)","(1.75, 1.88, 1.8703417266187052)"
07-01-2023 12:54:59.172638,"(8.0, 9.6, 9.466666666666667)","(20.0, 27.0, 26.515151515151516)","(7.5, 9.4, 9.377600000000001)","(8.0, 9.4, 9.268749999999999)","(101.0, 170.0, 161.42857142857142)","(8.0, 10.5, 10.068527918781726)","(1.75, 1.87, 1.8672913385826773)"
07-01-2023 12:55:00.220100,"(8.0, 9.6, 9.461111111111112)","(20.0, 27.0, 26.566666666666666)","(7.5, 9.4, 9.368852459016393)","(8.0, 9.4, 9.256410256410255)","(101.0, 170.0, 161.42857142857142)","(8.0, 10.5, 10.095238095238095)","(1.75, 1.87, 1.8648056537102475)"
07-01-2023 12:55:01.567223,"(8.0, 9.6, 9.358823529411765)","(20.0, 27.0, 26.318181818181817)","(7.5, 9.4, 9.396190476190476)","(8.0, 9.4, 9.256410256410255)","(101.0, 170.0, 161.42857142857142)","(8.0, 10.5, 10.18018018018018)","(1.75, 1.87, 1.866851851851852)"
07-01-2023 12:55:02.540773,"(8.0, 9.4, 9.358823529411765)","(20.0, 27.0, 26.318181818181817)","(7.5, 9.4, 9.396190476190476)","(8.0, 9.4, 9.256410256410255)","(101.0, 170.0, 161.42857142857142)","(8.0, 10.5, 10.18018018018018)","(1.75, 1.87, 1.8622089552238807)"
07-01-2023 12:55:04.114724,"(8.0, 9.4, 9.47008547008547)","(20.0, 27.0, 26.358974358974358)","(7.5, 9.6, 9.436538461538461)","(8.0, 9.4, 9.163076923076922)","(101.0, 170.0, 162.85714285714286)","(8.0, 10.5, 10.332298136645962)","(1.75, 1.87, 1.8567154811715483)"
07-01-2023 12:55:05.534441,"(8.0, 9.6, 9.602631578947369)","(20.0, 27.0, 26.509090909090908)","(7.5, 9.6, 9.585507246376812)","(8.0, 9.2, 9.151428571428571)","(101.0, 170.0, 163.33333333333334)","(8.0, 10.5, 10.327702702702704)","(1.75, 1.86, 1.8429310344827587)"
07-01-2023 12:55:06.987241,"(8.0, 9.8, 9.60281690140845)","(20.0, 28.0, 26.603174603174605)","(7.5, 9.6, 9.609523809523811)","(8.0, 9.2, 9.14228187919463)","(101.0, 170.0, 163.33333333333334)","(8.0, 10.5, 10.321192052980132)","(1.75, 1.85, 1.8353346855983774)"
07-01-2023 12:55:08.278459,"(8.0, 9.8, 9.63132530120482)","(20.0, 28.0, 26.603174603174605)","(7.5, 9.8, 9.609523809523811)","(8.0, 9.2, 9.12142857142857)","(101.0, 170.0, 163.33333333333334)","(8.0, 10.5, 10.809187279151944)","(1.7, 1.84, 1.8362359550561798)"
07-01-2023 12:55:09.383584,"(8.0, 9.8, 9.56068376068376)","(20.0, 28.0, 26.603174603174605)","(7.5, 9.8, 9.556666666666667)","(8.0, 9.2, 9.276190476190475)","(101.0, 170.0, 163.33333333333334)","(8.0, 11.0, 10.802839116719243)","(1.7, 1.84, 1.8327450980392157)"
07-01-2023 12:55:10.507388,"(8.0, 9.8, 9.597297297297297)","(20.0, 28.0, 26.974358974358974)","(7.5, 9.6, 9.544615384615385)","(8.0, 9.4, 9.314285714285715)","(101.0, 170.0, 163.33333333333334)","(8.0, 11.0, 10.785964912280702)","(1.7, 1.84, 1.821849710982659)"
07-01-2023 12:55:11.620203,"(8.0, 9.8, 9.585714285714285)","(20.0, 28.0, 26.974358974358974)","(7.5, 9.6, 9.544615384615385)","(8.0, 9.4, 9.304545454545455)","(101.0, 170.0, 163.33333333333334)","(8.0, 11.0, 10.785964912280702)","(1.7, 1.84, 1.8309174311926606)"
07-01-2023 12:55:12.712155,"(8.0, 9.2, 9.046478873239437)","(20.0, 28.0, 26.974358974358974)","(7.5, 9.6, 9.717808219178082)","(8.0, 9.4, 9.37103448275862)","(101.0, 170.0, 166.36363636363637)","(8.0, 11.0, 10.847003154574132)","(1.7, 1.84, 1.8394627383015598)"
07-01-2023 12:55:13.770077,"(8.0, 9.2, 9.045403899721448)","(20.0, 28.0, 27.666666666666668)","(7.5, 9.8, 9.72463768115942)","(8.0, 9.4, 9.37841726618705)","(101.0, 170.0, 166.36363636363637)","(8.0, 11.0, 10.859477124183007)","(1.7, 1.84, 1.839873417721519)"
07-01-2023 12:55:14.741400,"(8.0, 9.2, 9.043881856540084)","(20.0, 28.0, 27.666666666666668)","(7.5, 9.8, 9.72463768115942)","(8.0, 9.4, 9.37841726618705)","(101.0, 170.0, 166.36363636363637)","(8.0, 11.0, 10.859477124183007)","(1.7, 1.84, 1.839873417721519)"
07-01-2023 12:55:15.752963,"(8.0, 9.2, 9.042105263157895)","(20.0, 28.0, 27.6046511627907)","(7.5, 9.8, 9.72463768115942)","(8.0, 9.4, 9.340909090909092)","(101.0, 170.0, 167.33333333333334)","(8.0, 11.0, 10.839506172839506)","(1.7, 1.85, 1.8277641653905055)"
07-01-2023 12:55:16.800527,"(8.0, 9.0, 8.877500000000001)","(20.0, 28.0, 27.564102564102566)","(7.5, 9.8, 9.772)","(8.0, 9.6, 9.432258064516128)","(101.0, 170.0, 167.33333333333334)","(8.0, 11.0, 10.839506172839506)","(1.7, 1.85, 1.8277641653905055)"
07-01-2023 12:55:17.868278,"(8.0, 9.0, 8.877500000000001)","(20.0, 28.0, 27.564102564102566)","(7.5, 9.8, 9.772)","(8.0, 9.6, 9.432258064516128)","(101.0, 170.0, 167.33333333333334)","(8.0, 11.0, 10.839506172839506)","(1.7, 1.85, 1.828492462311558)"
07-01-2023 12:55:18.920320,"(8.0, 8.8, 8.66530612244898)","(20.0, 28.0, 27.595238095238095)","(7.5, 10.0, 9.956666666666667)","(8.0, 9.6, 9.495)","(101.0, 170.0, 167.14285714285714)","(8.0, 11.0, 10.85598705501618)","(1.7, 1.83, 1.8269414893617022)"
07-01-2023 12:55:20.028591,"(8.0, 9.0, 8.837795275590551)","(20.0, 28.0, 27.657894736842106)","(7.5, 10.0, 9.9375)","(8.0, 9.6, 9.553846153846154)","(101.0, 170.0, 167.14285714285714)","(8.0, 11.0, 10.880622837370241)","(1.7, 1.83, 1.8274537037037037)"
07-01-2023 12:55:21.017828,"(8.0, 9.0, 8.726633165829146)","(20.0, 28.0, 27.657894736842106)","(7.5, 10.0, 9.904761904761905)","(8.0, 9.6, 9.655)","(101.0, 170.0, 167.33333333333334)","(8.0, 11.0, 10.923076923076923)","(1.7, 1.83, 1.828515283842795)"
07-01-2023 12:55:22.072358,"(8.0, 9.0, 8.76578947368421)","(20.0, 28.0, 27.622222222222224)","(8.0, 10.0, 9.79381443298969)","(8.0, 9.8, 9.655)","(101.0, 170.0, 167.33333333333334)","(8.0, 11.0, 10.917266187050359)","(1.7, 1.83, 1.8290116279069768)"
07-01-2023 12:55:23.214464,"(8.0, 9.0, 8.768831168831168)","(20.0, 28.0, 27.88135593220339)","(8.0, 9.8, 9.712820512820514)","(8.0, 9.8, 9.709090909090909)","(101.0, 170.0, 168.57142857142858)","(8.0, 11.0, 10.984313725490196)","(1.7, 1.83, 1.8159574468085107)"
07-01-2023 12:55:24.239106,"(8.0, 9.2, 9.007407407407408)","(20.0, 29.0, 27.918032786885245)","(8.0, 9.8, 9.712820512820514)","(8.0, 9.8, 9.709090909090909)","(101.0, 170.0, 168.57142857142858)","(8.0, 11.0, 11.110619469026549)","(1.7, 1.82, 1.810082191780822)"
07-01-2023 12:55:25.416267,"(8.0, 9.0, 8.9)","(20.0, 29.0, 28.441860465116278)","(8.0, 9.8, 9.655813953488373)","(8.0, 10.0, 9.639583333333333)","(101.0, 170.0, 168.46153846153845)","(8.0, 11.5, 11.089147286821705)","(1.7, 1.82, 1.8099731903485254)"
07-01-2023 12:55:26.830863,"(8.0, 9.0, 8.892000000000001)","(20.0, 29.0, 28.55)","(7.5, 9.8, 9.557142857142857)","(8.0, 10.0, 9.713333333333333)","(101.0, 170.0, 168.46153846153845)","(8.0, 11.5, 11.082733812949641)","(1.7, 1.83, 1.8277704918032787)"
07-01-2023 12:55:27.900132,"(8.0, 9.0, 8.892000000000001)","(20.0, 29.0, 28.55)","(7.5, 9.6, 9.557142857142857)","(8.0, 9.8, 9.713333333333333)","(101.0, 170.0, 168.46153846153845)","(8.0, 11.5, 10.910714285714286)","(1.7, 1.83, 1.8261497326203209)"
07-01-2023 12:55:29.236569,"(8.0, 9.0, 8.885185185185186)","(20.0, 29.0, 27.596153846153847)","(7.5, 9.8, 9.683720930232559)","(8.0, 9.8, 9.75357142857143)","(101.0, 170.0, 169.16666666666666)","(8.0, 11.0, 10.910714285714286)","(1.7, 1.83, 1.826029411764706)"
07-01-2023 12:55:30.571581,"(8.0, 9.0, 8.804593639575973)","(20.0, 28.0, 27.5531914893617)","(7.5, 9.8, 9.873913043478261)","(8.0, 9.8, 9.767088607594937)","(101.0, 170.0, 169.16666666666666)","(8.0, 11.0, 10.904929577464788)","(1.7, 1.83, 1.8190169491525425)"
07-01-2023 12:55:32.008075,"(8.0, 9.2, 9.013175675675676)","(20.0, 28.0, 27.65)","(7.5, 10.0, 9.611764705882353)","(8.0, 9.8, 9.829677419354839)","(101.0, 170.0, 169.16666666666666)","(8.0, 11.0, 10.948669201520913)","(1.7, 1.82, 1.81226393629124)"
07-01-2023 12:55:33.476068,"(8.0, 9.2, 9.013660245183887)","(20.0, 28.0, 27.433333333333334)","(7.5, 9.8, 9.72857142857143)","(8.0, 10.0, 10.149214659685864)","(101.0, 170.0, 177.5)","(8.0, 11.0, 10.845724907063197)","(1.7, 1.8, 1.7991749174917493)"
07-01-2023 12:55:34.597619,"(8.0, 9.2, 9.013660245183887)","(20.0, 28.0, 27.433333333333334)","(7.5, 9.8, 9.72857142857143)","(8.0, 10.5, 10.223809523809523)","(101.0, 200.0, 177.5)","(8.0, 11.0, 10.843173431734318)","(1.7, 1.8, 1.7969724770642201)"
07-01-2023 12:55:35.833114,"(8.0, 9.2, 9.011804384485666)","(20.0, 28.0, 27.78787878787879)","(7.5, 10.0, 9.84109589041096)","(8.0, 10.5, 10.525280898876405)","(101.0, 200.0, 179.4736842105263)","(8.0, 11.0, 10.884375)","(1.7, 1.8, 1.7944793713163065)"
07-01-2023 12:55:37.063048,"(8.0, 9.0, 8.9196261682243)","(20.0, 29.0, 28.066666666666666)","(7.5, 10.0, 9.94)","(8.0, 11.0, 10.565656565656566)","(101.0, 200.0, 172.14285714285714)","(8.0, 11.0, 10.902173913043478)","(1.7, 1.8, 1.8024190476190476)"
07-01-2023 12:55:38.201996,"(8.0, 8.8, 8.772)","(20.0, 29.0, 28.466666666666665)","(7.5, 10.0, 9.764705882352942)","(8.0, 11.0, 11.128571428571428)","(101.0, 200.0, 175.45454545454547)","(8.0, 11.0, 10.862162162162162)","(1.7, 1.81, 1.7963865546218487)"
07-01-2023 12:55:39.361721,"(8.0, 9.0, 8.912765957446808)","(20.0, 28.0, 27.771428571428572)","(7.5, 9.8, 9.795419847328244)","(8.0, 11.5, 11.125)","(101.0, 190.0, 176.66666666666666)","(8.0, 11.0, 10.44486692015209)","(1.7, 1.8, 1.7953482587064677)"
07-01-2023 12:55:40.646642,"(8.0, 9.2, 9.0975)","(20.0, 28.0, 27.771428571428572)","(7.5, 10.0, 9.795419847328244)","(8.0, 11.5, 11.125)","(101.0, 190.0, 176.66666666666666)","(8.0, 10.5, 10.40986394557823)","(1.7, 1.8, 1.7917811704834605)"
07-01-2023 12:55:41.810746,"(8.0, 9.2, 9.134920634920634)","(20.0, 28.0, 27.6)","(7.5, 10.0, 9.802083333333334)","(8.0, 11.5, 11.011904761904763)","(101.0, 190.0, 176.66666666666666)","(8.0, 10.5, 10.357566765578635)","(1.7, 1.8, 1.7911134453781512)"
07-01-2023 12:55:42.847625,"(8.0, 9.4, 9.184615384615384)","(20.0, 28.0, 27.43243243243243)","(7.5, 10.0, 9.802083333333334)","(8.0, 11.5, 11.011904761904763)","(101.0, 190.0, 176.66666666666666)","(8.0, 10.5, 10.340116279069768)","(1.7, 1.8, 1.786770538243626)"
07-01-2023 12:55:43.891737,"(8.0, 9.4, 8.906976744186046)","(20.0, 28.0, 27.63157894736842)","(7.5, 10.0, 9.811881188118813)","(8.0, 11.5, 11.011904761904763)","(101.0, 190.0, 181.42857142857142)","(8.0, 10.5, 10.330508474576272)","(1.7, 1.79, 1.7881290322580645)"
07-01-2023 12:55:44.990704,"(8.0, 9.0, 8.941025641025641)","(20.0, 29.0, 28.103448275862068)","(7.5, 10.0, 9.922077922077923)","(8.0, 11.5, 11.163366336633663)","(101.0, 190.0, 180.0)","(8.0, 10.5, 10.331932773109244)","(1.7, 1.79, 1.788860759493671)"
07-01-2023 12:55:45.973424,"(8.0, 9.0, 8.946835443037974)","(20.0, 29.0, 28.054945054945055)","(7.5, 10.0, 9.901639344262296)","(8.0, 11.5, 11.163366336633663)","(101.0, 190.0, 176.0)","(8.0, 10.5, 10.3125)","(1.7, 1.79, 1.784835646457268)"
07-01-2023 12:55:47.068777,"(8.0, 9.0, 8.958823529411765)","(20.0, 29.0, 28.054945054945055)","(7.5, 10.0, 9.882352941176471)","(8.0, 11.5, 11.226495726495726)","(101.0, 190.0, 180.45454545454544)","(8.0, 10.5, 10.316666666666666)","(1.7, 1.79, 1.78521670606777)"
07-01-2023 12:55:48.355741,"(8.0, 9.2, 9.026771653543307)","(20.0, 29.0, 28.454545454545453)","(7.5, 10.0, 9.873076923076923)","(8.0, 11.5, 11.226495726495726)","(101.0, 190.0, 177.64705882352942)","(8.0, 10.5, 10.325396825396826)","(1.7, 1.79, 1.785404081632653)"
07-01-2023 12:55:49.552747,"(8.0, 9.2, 9.025641025641026)","(20.0, 29.0, 28.454545454545453)","(7.5, 10.0, 9.860773480662983)","(8.0, 11.5, 11.226495726495726)","(101.0, 190.0, 177.64705882352942)","(8.0, 10.5, 10.32258064516129)","(1.7, 1.79, 1.7893997071742314)"
07-01-2023 12:55:50.649752,"(8.0, 9.2, 9.051748251748252)","(20.0, 29.0, 28.454545454545453)","(8.0, 10.0, 9.860773480662983)","(8.0, 11.5, 11.273504273504274)","(101.0, 190.0, 178.1818181818182)","(8.0, 10.5, 10.379446640316205)","(1.7, 1.79, 1.7755020920502091)"
07-01-2023 12:55:51.820515,"(8.0, 9.4, 9.212903225806452)","(20.0, 29.0, 28.454545454545453)","(8.0, 9.8, 9.763779527559056)","(8.0, 11.5, 11.282786885245901)","(101.0, 180.0, 177.64705882352942)","(8.0, 10.5, 10.359615384615385)","(1.7, 1.78, 1.7746682464454977)"
07-01-2023 12:55:53.178271,"(8.0, 9.4, 9.289655172413793)","(20.0, 29.0, 28.57377049180328)","(8.0, 9.8, 9.761344537815127)","(8.0, 11.5, 11.27155172413793)","(101.0, 190.0, 178.33333333333334)","(8.0, 10.5, 10.363813229571985)","(1.7, 1.78, 1.7748275862068965)"
07-01-2023 12:55:54.471615,"(7.5, 9.4, 9.318518518518518)","(21.0, 29.0, 28.535714285714285)","(8.0, 9.8, 9.761344537815127)","(8.5, 11.5, 11.27155172413793)","(101.0, 190.0, 178.33333333333334)","(8.5, 10.5, 10.363813229571985)","(1.7, 1.78, 1.7755731225296443)"
07-01-2023 12:55:55.610512,"(7.5, 9.4, 9.324137931034482)","(21.0, 28.0, 27.704918032786885)","(8.0, 9.8, 9.747692307692308)","(8.5, 11.5, 11.26953125)","(101.0, 190.0, 178.33333333333334)","(8.5, 10.5, 10.363813229571985)","(1.7, 1.78, 1.7777685950413222)"
07-01-2023 12:55:56.824267,"(8.0, 9.4, 9.324137931034482)","(21.0, 28.0, 27.704918032786885)","(8.0, 9.8, 9.762745098039217)","(8.5, 11.5, 11.241666666666667)","(101.0, 190.0, 178.94736842105263)","(8.5, 10.5, 10.299283154121865)","(1.7, 1.78, 1.7809121061359867)"
07-01-2023 12:55:57.955226,"(8.0, 9.4, 9.351824817518247)","(21.0, 28.0, 27.767857142857142)","(8.0, 9.8, 9.75632183908046)","(8.5, 11.5, 11.254310344827585)","(101.0, 190.0, 178.94736842105263)","(8.5, 10.5, 10.299283154121865)","(1.7, 1.79, 1.7839523281596452)"
07-01-2023 12:55:59.096523,"(8.0, 9.4, 9.350746268656717)","(21.0, 28.0, 27.767857142857142)","(8.0, 9.8, 9.726923076923077)","(8.5, 11.5, 11.254310344827585)","(101.0, 190.0, 178.46153846153845)","(8.5, 10.5, 10.295289855072463)","(1.7, 1.79, 1.783987831858407)"
07-01-2023 12:56:00.146116,"(8.0, 9.4, 9.376068376068377)","(21.0, 28.0, 27.84313725490196)","(8.0, 9.6, 9.575838926174496)","(8.5, 11.5, 11.254310344827585)","(101.0, 180.0, 178.46153846153845)","(8.5, 10.5, 10.295289855072463)","(1.7, 1.79, 1.783987831858407)"
07-01-2023 12:56:01.305348,"(8.0, 9.6, 9.391666666666666)","(21.0, 29.0, 28.19402985074627)","(8.0, 9.8, 9.730555555555556)","(8.5, 11.5, 11.254310344827585)","(101.0, 180.0, 178.33333333333334)","(8.5, 10.5, 10.295289855072463)","(1.7, 1.79, 1.7819851851851851)"
07-01-2023 12:56:02.411372,"(8.0, 9.6, 9.370342205323194)","(21.0, 29.0, 28.24390243902439)","(8.0, 9.8, 9.701204819277109)","(8.5, 11.5, 11.276666666666667)","(101.0, 180.0, 154.5762711864407)","(8.5, 10.5, 10.093484419263456)","(1.7, 1.79, 1.788319783197832)"
07-01-2023 12:56:03.383567,"(8.0, 9.6, 9.370342205323194)","(21.0, 29.0, 28.24390243902439)","(8.0, 9.8, 9.701204819277109)","(8.5, 11.5, 11.276666666666667)","(101.0, 160.0, 154.5762711864407)","(8.5, 10.5, 10.093484419263456)","(1.7, 1.79, 1.788319783197832)"
07-01-2023 12:56:04.468459,"(8.0, 9.6, 9.3648)","(21.0, 29.0, 28.416666666666668)","(8.0, 9.8, 9.73)","(8.5, 11.5, 11.273006134969325)","(101.0, 160.0, 154.5762711864407)","(8.5, 10.5, 9.930841121495327)","(1.7, 1.79, 1.792140221402214)"
07-01-2023 12:56:05.656774,"(8.0, 9.4, 9.3648)","(21.0, 29.0, 28.416666666666668)","(8.0, 9.8, 9.73)","(8.5, 11.5, 11.255474452554745)","(101.0, 160.0, 153.92857142857142)","(8.5, 10.0, 9.928169014084506)","(1.7, 1.8, 1.7908250000000001)"
07-01-2023 12:56:06.826532,"(8.0, 9.4, 9.375757575757577)","(21.0, 29.0, 28.366666666666667)","(8.0, 9.8, 9.73)","(8.5, 11.5, 11.471830985915492)","(101.0, 160.0, 153.859649122807)","(8.5, 10.0, 9.807547169811322)","(1.7, 1.8, 1.8028695652173914)"
07-01-2023 12:56:08.024789,"(8.0, 9.6, 9.427906976744186)","(21.0, 28.0, 27.75)","(8.0, 9.6, 9.568794326241134)","(8.5, 11.0, 11.089285714285714)","(101.0, 160.0, 154.1509433962264)","(8.5, 10.0, 9.846530612244898)","(1.7, 1.81, 1.7995214521452145)"
07-01-2023 12:56:09.220580,"(8.0, 9.6, 9.475)","(21.0, 28.0, 27.972972972972972)","(8.0, 9.6, 9.568794326241134)","(8.5, 11.5, 11.078512396694215)","(101.0, 160.0, 154.46428571428572)","(8.0, 10.0, 9.75483870967742)","(1.7, 1.8, 1.8055325749741469)"
07-01-2023 12:56:10.335029,"(8.0, 9.4, 9.367567567567567)","(21.0, 28.0, 27.844444444444445)","(8.0, 9.6, 9.571612903225807)","(8.5, 11.5, 11.078512396694215)","(101.0, 160.0, 154.03225806451613)","(8.0, 9.8, 9.722155688622754)","(1.7, 1.81, 1.812033426183844)"
07-01-2023 12:56:11.368150,"(8.0, 9.4, 9.288333333333332)","(21.0, 28.0, 27.75)","(8.0, 9.6, 9.57615894039735)","(8.5, 11.5, 11.095238095238095)","(101.0, 160.0, 153.83333333333334)","(8.0, 9.8, 9.713333333333333)","(1.7, 1.82, 1.8108365019011408)"
07-01-2023 12:56:12.474608,"(8.0, 9.2, 9.176300578034681)","(21.0, 28.0, 27.517857142857142)","(8.0, 9.6, 9.556470588235294)","(8.5, 11.5, 11.093023255813954)","(101.0, 160.0, 154.03508771929825)","(8.0, 9.8, 9.696)","(1.7, 1.82, 1.8167375886524824)"
07-01-2023 12:56:13.642878,"(8.0, 9.4, 9.319298245614036)","(21.0, 28.0, 27.5)","(8.0, 9.6, 9.573856209150327)","(8.5, 11.5, 11.093023255813954)","(101.0, 160.0, 154.66666666666666)","(8.0, 9.8, 9.561538461538461)","(1.7, 1.82, 1.8182027649769585)"
07-01-2023 12:56:14.691317,"(8.0, 9.6, 9.463636363636363)","(21.0, 28.0, 27.658536585365855)","(8.0, 9.8, 9.76219512195122)","(8.5, 11.0, 10.818518518518518)","(101.0, 160.0, 154.66666666666666)","(8.0, 9.6, 9.550819672131148)","(1.7, 1.82, 1.8199753086419754)"
07-01-2023 12:56:15.780107,"(8.0, 9.6, 9.464948453608248)","(21.0, 28.0, 27.658536585365855)","(8.0, 9.8, 9.772121212121213)","(8.5, 11.0, 10.813688212927756)","(101.0, 160.0, 154.66666666666666)","(8.0, 9.6, 9.550819672131148)","(1.7, 1.82, 1.8199753086419754)"
07-01-2023 12:56:17.005196,"(8.0, 9.6, 9.48090909090909)","(21.0, 28.0, 27.697674418604652)","(8.0, 9.8, 9.770322580645162)","(8.5, 11.0, 10.813688212927756)","(101.0, 160.0, 154.82758620689654)","(8.0, 9.6, 9.55)","(1.7, 1.82, 1.8198818474758325)"
07-01-2023 12:56:18.140722,"(8.0, 9.6, 9.48090909090909)","(21.0, 28.0, 27.697674418604652)","(8.0, 9.8, 9.770322580645162)","(8.5, 11.0, 10.813688212927756)","(101.0, 160.0, 155.0)","(8.0, 9.6, 9.345578231292517)","(1.7, 1.82, 1.8171262587141752)"
07-01-2023 12:56:19.260872,"(8.0, 9.6, 9.501554404145077)","(21.0, 28.0, 27.86764705882353)","(8.0, 9.8, 9.772058823529413)","(8.5, 11.0, 10.813688212927756)","(101.0, 160.0, 155.51020408163265)","(8.0, 9.4, 9.461702127659574)","(1.7, 1.82, 1.8161989205859677)"
07-01-2023 12:56:20.480575,"(8.0, 9.6, 9.515606936416185)","(21.0, 28.0, 27.741176470588236)","(8.0, 9.8, 9.722535211267607)","(8.5, 11.0, 10.796052631578947)","(101.0, 160.0, 155.0943396226415)","(8.0, 9.6, 9.284684684684684)","(1.7, 1.82, 1.837998075072185)"
07-01-2023 12:56:21.687145,"(7.5, 9.6, 9.497902097902099)","(21.0, 28.0, 27.741176470588236)","(8.0, 9.8, 9.71012658227848)","(8.5, 11.0, 10.726973684210526)","(101.0, 160.0, 155.625)","(8.0, 9.4, 9.296)","(1.7, 1.84, 1.8377230483271376)"
07-01-2023 12:56:22.782887,"(7.5, 9.6, 9.538571428571428)","(21.0, 29.0, 28.729323308270676)","(8.0, 9.8, 9.71012658227848)","(8.5, 11.0, 10.511029411764707)","(101.0, 160.0, 155.4)","(8.0, 9.4, 9.040449438202247)","(1.7, 1.84, 1.839436302142052)"
07-01-2023 12:56:23.802824,"(7.5, 9.6, 9.496170212765957)","(21.0, 29.0, 28.817460317460316)","(8.0, 9.8, 9.71547619047619)","(9.0, 11.0, 10.754672897196262)","(101.0, 160.0, 155.8695652173913)","(8.0, 9.2, 9.086486486486486)","(1.7, 1.84, 1.8369150521609539)"
07-01-2023 12:56:24.984711,"(7.5, 9.4, 9.353488372093024)","(21.0, 29.0, 28.782945736434108)","(8.0, 9.8, 9.881159420289855)","(9.0, 11.0, 10.754672897196262)","(101.0, 160.0, 155.8695652173913)","(8.0, 9.2, 9.119745222929936)","(1.7, 1.84, 1.8291210485736316)"
07-01-2023 12:56:26.087540,"(7.5, 9.4, 9.38294573643411)","(21.0, 29.0, 28.782945736434108)","(8.0, 10.0, 9.881159420289855)","(9.0, 11.0, 10.488673139158577)","(101.0, 160.0, 156.66666666666666)","(8.0, 9.2, 9.121621621621621)","(1.7, 1.83, 1.833168044077135)"
07-01-2023 12:56:27.093132,"(7.5, 9.4, 9.384)","(21.0, 29.0, 28.782945736434108)","(8.0, 10.0, 9.930316742081448)","(9.0, 10.5, 10.473354231974922)","(101.0, 160.0, 156.66666666666666)","(8.0, 9.2, 9.107317073170732)","(1.7, 1.84, 1.828441215323646)"
07-01-2023 12:56:28.211661,"(7.5, 9.6, 9.4625)","(21.0, 29.0, 28.774193548387096)","(8.0, 10.5, 10.116045845272206)","(9.0, 10.5, 10.228056426332289)","(101.0, 160.0, 156.66666666666666)","(8.0, 9.2, 9.112977099236641)","(1.7, 1.83, 1.828196544276458)"
07-01-2023 12:56:29.306972,"(7.5, 9.6, 9.451020408163265)","(21.0, 29.0, 28.75221238938053)","(8.0, 10.5, 10.114942528735632)","(9.0, 10.5, 10.245601173020528)","(101.0, 160.0, 157.16981132075472)","(8.0, 9.2, 9.21010101010101)","(1.7, 1.83, 1.8281612903225808)"
07-01-2023 12:56:30.448459,"(7.5, 9.6, 9.458823529411765)","(21.0, 29.0, 28.75221238938053)","(8.0, 10.5, 10.099719101123595)","(9.0, 10.5, 10.245601173020528)","(101.0, 160.0, 174.375)","(8.0, 9.4, 9.11549295774648)","(1.7, 1.83, 1.8275830469644903)"
07-01-2023 12:56:31.597315,"(7.5, 9.6, 9.44)","(21.0, 29.0, 28.768595041322314)","(8.0, 10.5, 10.054865424430641)","(9.0, 10.5, 10.253623188405797)","(101.0, 180.0, 174.375)","(8.0, 9.2, 9.125)","(1.7, 1.83, 1.82392523364486)"
07-01-2023 12:56:32.805262,"(7.5, 9.6, 9.453658536585365)","(21.0, 29.0, 28.432558139534883)","(8.0, 10.5, 9.935238095238095)","(9.0, 10.5, 10.083535108958838)","(101.0, 180.0, 172.85714285714286)","(8.0, 9.2, 9.093273542600896)","(1.7, 1.83, 1.8276646706586828)"
07-01-2023 12:56:34.000590,"(8.0, 9.6, 9.545901639344262)","(21.0, 30.0, 29.158620689655173)","(8.0, 10.0, 9.942)","(9.0, 10.5, 10.172972972972973)","(101.0, 180.0, 174.44444444444446)","(8.0, 9.2, 9.146774193548387)","(1.7, 1.83, 1.8252482269503547)"
07-01-2023 12:56:35.030577,"(8.0, 9.6, 9.573404255319149)","(21.0, 30.0, 29.356756756756756)","(8.0, 10.0, 9.856818181818182)","(9.0, 10.5, 9.907228915662651)","(101.0, 180.0, 175.33333333333334)","(8.0, 9.2, 9.146774193548387)","(1.7, 1.83, 1.8259025270758122)"
07-01-2023 12:56:36.194817,"(8.0, 9.6, 9.576076555023922)","(21.0, 30.0, 29.34659090909091)","(8.0, 10.5, 10.022172949002217)","(9.0, 10.0, 9.872727272727273)","(101.0, 180.0, 177.27272727272728)","(8.0, 9.2, 9.146774193548387)","(1.7, 1.83, 1.8265795724465559)"
07-01-2023 12:56:37.367071,"(8.0, 9.6, 9.57511961722488)","(21.0, 30.0, 29.352601156069365)","(8.0, 10.5, 9.999831081081082)","(9.0, 10.0, 9.81764705882353)","(101.0, 180.0, 178.92857142857142)","(8.0, 9.2, 9.107042253521126)","(1.7, 1.83, 1.8429535864978903)"
07-01-2023 12:56:38.473941,"(8.0, 9.6, 9.55609756097561)","(21.0, 30.0, 29.352601156069365)","(8.0, 10.5, 9.999831081081082)","(9.0, 10.0, 9.8)","(101.0, 180.0, 178.84615384615384)","(8.0, 9.2, 9.049101796407186)","(1.7, 1.85, 1.8385020804438281)"
07-01-2023 12:56:39.583242,"(8.0, 9.6, 9.554545454545455)","(21.0, 30.0, 29.431654676258994)","(8.0, 10.5, 10.037078651685393)","(9.0, 9.8, 9.609375)","(101.0, 180.0, 177.0)","(8.0, 9.2, 9.107792207792208)","(1.7, 1.84, 1.8387041884816755)"
07-01-2023 12:56:40.646470,"(8.0, 9.8, 9.61967213114754)","(21.0, 30.0, 29.42753623188406)","(8.0, 10.5, 10.039379474940334)","(9.0, 9.8, 9.68135593220339)","(101.0, 180.0, 177.0)","(8.0, 9.2, 8.969085173501577)","(1.7, 1.84, 1.8438253638253639)"
07-01-2023 12:56:41.720100,"(8.0, 9.6, 9.524081632653061)","(21.0, 30.0, 29.42753623188406)","(8.0, 10.5, 10.039379474940334)","(9.0, 9.8, 9.4)","(101.0, 180.0, 177.82608695652175)","(8.0, 9.0, 8.992114695340502)","(1.7, 1.85, 1.8461923076923077)"
07-01-2023 12:56:42.810014,"(8.0, 9.6, 9.572727272727272)","(21.0, 30.0, 29.496815286624205)","(8.0, 10.5, 10.17361111111111)","(8.5, 9.4, 9.184049079754601)","(101.0, 180.0, 177.82608695652175)","(8.0, 9.0, 8.959627329192546)","(1.7, 1.85, 1.8464935064935066)"
07-01-2023 12:56:43.921295,"(8.0, 9.6, 9.57421875)","(21.0, 30.0, 29.814814814814813)","(8.0, 10.5, 10.17361111111111)","(8.5, 9.2, 9.103529411764706)","(101.0, 180.0, 178.57142857142858)","(8.0, 9.0, 9.141964285714286)","(1.7, 1.85, 1.8467307692307693)"
07-01-2023 12:56:45.066672,"(8.0, 9.6, 9.590070921985815)","(21.0, 30.0, 29.46808510638298)","(8.0, 10.5, 10.173044925124792)","(8.5, 9.4, 9.251764705882353)","(101.0, 180.0, 188.33333333333334)","(8.0, 9.2, 9.146280991735537)","(1.7, 1.85, 1.8472877358490567)"
07-01-2023 12:56:46.191364,"(8.0, 9.6, 9.598809523809523)","(21.0, 30.0, 29.0)","(8.0, 10.5, 10.185993975903614)","(8.5, 9.4, 9.336923076923076)","(101.0, 190.0, 177.0)","(8.0, 9.2, 9.180377358490565)","(1.7, 1.85, 1.8492887931034483)"
07-01-2023 12:56:47.250588,"(8.0, 9.6, 9.566283524904215)","(21.0, 29.0, 28.57894736842105)","(8.0, 10.5, 10.185993975903614)","(8.5, 9.4, 9.336923076923076)","(101.0, 180.0, 187.5)","(8.0, 9.2, 9.231390134529148)","(1.7, 1.85, 1.8470552147239265)"
07-01-2023 12:56:48.312324,"(8.0, 9.8, 9.645528455284552)","(21.0, 28.0, 27.771428571428572)","(8.0, 10.5, 10.185993975903614)","(8.5, 9.4, 9.336923076923076)","(101.0, 190.0, 187.5)","(8.0, 9.4, 9.231390134529148)","(1.7, 1.85, 1.8470552147239265)"
07-01-2023 12:56:49.404813,"(8.0, 9.8, 9.639662447257384)","(21.0, 28.0, 27.24137931034483)","(8.0, 10.5, 10.17674418604651)","(8.5, 9.6, 9.584555984555985)","(101.0, 190.0, 187.5)","(8.0, 9.2, 9.153435114503816)","(1.7, 1.85, 1.843894389438944)"
07-01-2023 12:56:50.611509,"(8.0, 9.8, 9.636206896551723)","(21.0, 27.0, 26.686274509803923)","(8.0, 10.5, 10.161525974025974)","(8.5, 9.6, 9.583471074380165)","(101.0, 190.0, 189.28571428571428)","(8.0, 9.2, 9.12680412371134)","(1.7, 1.85, 1.8550456621004567)"
07-01-2023 12:56:51.906854,"(8.0, 9.6, 9.595348837209302)","(21.0, 27.0, 26.594594594594593)","(8.0, 10.5, 10.182721712538227)","(8.5, 9.6, 9.59811320754717)","(101.0, 200.0, 189.6551724137931)","(8.0, 9.2, 9.098642533936651)","(1.7, 1.86, 1.8570963172804533)"
07-01-2023 12:56:53.156326,"(8.0, 9.6, 9.57004048582996)","(21.0, 27.0, 26.066666666666666)","(8.0, 10.5, 10.185847589424572)","(8.5, 9.6, 9.59871382636656)","(101.0, 200.0, 189.6551724137931)","(8.0, 9.2, 8.9878612716763)","(1.7, 1.86, 1.8574238227146815)"
07-01-2023 12:56:54.426127,"(8.0, 9.6, 9.564705882352941)","(21.0, 26.0, 24.846473029045644)","(8.0, 10.5, 10.163333333333334)","(8.5, 9.6, 9.546745562130177)","(101.0, 200.0, 162.5)","(8.0, 9.0, 8.987319884726224)","(1.7, 1.86, 1.859942196531792)"
07-01-2023 12:56:55.550163,"(8.0, 9.6, 9.51875)","(21.0, 25.0, 24.846473029045644)","(8.0, 10.5, 10.167213114754098)","(8.5, 9.6, 9.552380952380952)","(101.0, 200.0, 173.33333333333334)","(8.0, 9.0, 8.969151670951156)","(1.7, 1.86, 1.8678236130867711)"
07-01-2023 12:56:56.834907,"(8.0, 9.6, 9.487654320987655)","(21.0, 24.0, 23.642857142857142)","(8.0, 10.5, 10.173986486486486)","(8.5, 9.6, 9.556265356265357)","(101.0, 180.0, 172.5)","(8.0, 9.0, 8.984384384384384)","(1.7, 1.87, 1.8672400990099012)"
07-01-2023 12:56:58.055639,"(8.0, 9.6, 9.532203389830508)","(21.0, 24.0, 23.739583333333332)","(8.0, 10.5, 10.187394957983193)","(8.5, 9.6, 9.576205787781351)","(101.0, 180.0, 167.14285714285714)","(8.0, 9.0, 8.95307917888563)","(1.7, 1.87, 1.8672229140722292)"
07-01-2023 12:56:59.202905,"(8.0, 9.6, 9.527927927927928)","(21.0, 24.0, 23.839285714285715)","(8.0, 10.5, 10.187394957983193)","(8.5, 9.6, 9.576205787781351)","(101.0, 180.0, 167.14285714285714)","(8.0, 9.0, 8.931818181818182)","(1.7, 1.87, 1.8672671568627452)"
07-01-2023 12:57:00.382911,"(8.0, 9.6, 9.527007299270073)","(21.0, 24.0, 23.357142857142858)","(8.0, 10.5, 10.203271028037383)","(8.5, 9.6, 9.571147540983606)","(101.0, 170.0, 168.0)","(8.0, 9.0, 8.949135802469137)","(1.7, 1.87, 1.8472108843537416)"
07-01-2023 12:57:01.586434,"(8.0, 9.8, 9.636697247706422)","(21.0, 23.0, 22.983870967741936)","(8.0, 10.5, 10.203271028037383)","(8.5, 9.6, 9.699140401146133)","(101.0, 170.0, 175.33333333333334)","(8.0, 9.0, 9.036)","(1.7, 1.86, 1.8723132530120483)"
07-01-2023 12:57:02.768164,"(8.0, 9.8, 9.664492753623188)","(21.0, 24.0, 23.742424242424242)","(8.0, 10.5, 10.220610687022901)","(8.5, 9.8, 9.662376237623763)","(101.0, 190.0, 175.33333333333334)","(8.0, 9.2, 9.017777777777777)","(1.7, 1.88, 1.8774873864783046)"
07-01-2023 12:57:03.850030,"(8.0, 9.8, 9.624413145539906)","(21.0, 24.0, 22.353982300884955)","(8.0, 10.5, 10.20483870967742)","(8.5, 9.8, 9.587301587301587)","(101.0, 190.0, 175.33333333333334)","(8.0, 9.2, 9.017777777777777)","(1.7, 1.88, 1.8774617737003059)"
07-01-2023 12:57:05.061874,"(8.0, 9.8, 9.523985239852399)","(21.0, 25.0, 24.27906976744186)","(8.0, 10.5, 10.20650406504065)","(8.5, 9.6, 9.675)","(101.0, 190.0, 174.28571428571428)","(8.0, 9.2, 8.970764119601329)","(1.7, 1.88, 1.8585)"
07-01-2023 12:57:06.300410,"(8.0, 9.8, 9.608602150537633)","(21.0, 25.0, 24.17699115044248)","(8.0, 10.5, 10.21027287319422)","(8.5, 9.8, 9.75344827586207)","(101.0, 190.0, 174.28571428571428)","(8.0, 9.0, 8.944705882352942)","(1.7, 1.86, 1.850909090909091)"
07-01-2023 12:57:07.440738,"(8.0, 9.8, 9.576231884057972)","(21.0, 25.0, 24.17699115044248)","(8.0, 10.5, 10.211631663974153)","(8.5, 9.8, 9.753246753246753)","(101.0, 190.0, 169.375)","(8.0, 9.0, 8.943023255813953)","(1.7, 1.86, 1.854864864864865)"
07-01-2023 12:57:08.532798,"(8.0, 9.8, 9.602105263157894)","(21.0, 25.0, 23.06)","(8.0, 10.5, 10.211631663974153)","(8.5, 9.8, 9.783435582822086)","(101.0, 190.0, 209.76190476190476)","(8.0, 9.0, 8.943023255813953)","(1.7, 1.86, 1.8564102564102565)"
07-01-2023 12:57:09.720582,"(8.0, 9.8, 9.602)","(21.0, 24.0, 23.571428571428573)","(8.0, 10.5, 10.210610932475884)","(8.5, 9.8, 9.788785046728973)","(101.0, 210.0, 209.76190476190476)","(8.0, 9.0, 8.931550802139038)","(1.7, 1.86, 1.844398843930636)"
07-01-2023 12:57:10.826094,"(8.0, 9.8, 9.620814479638009)","(21.0, 24.0, 23.4)","(8.0, 10.5, 10.137596899224807)","(8.5, 9.8, 9.895535714285714)","(101.0, 210.0, 218.82978723404256)","(7.5, 9.0, 8.95072463768116)","(1.7, 1.85, 1.845373317013464)"
07-01-2023 12:57:11.874580,"(8.0, 9.8, 9.654945054945054)","(21.0, 24.0, 23.733333333333334)","(8.0, 10.5, 10.134429400386848)","(8.5, 10.0, 9.83404255319149)","(101.0, 230.0, 219.28571428571428)","(7.5, 9.0, 8.945171339563863)","(1.7, 1.85, 1.8399156829679597)"
07-01-2023 12:57:13.017780,"(8.0, 9.8, 9.653874538745388)","(21.0, 24.0, 23.12121212121212)","(8.0, 10.5, 10.125)","(8.5, 10.0, 9.788200589970502)","(101.0, 230.0, 218.70967741935485)","(7.5, 9.0, 8.959223300970875)","(1.7, 1.84, 1.8407650273224045)"
07-01-2023 12:57:14.240905,"(8.0, 9.8, 9.656)","(21.0, 25.0, 23.8)","(8.0, 10.5, 10.145192307692307)","(8.5, 9.8, 9.869637883008357)","(101.0, 230.0, 214.55882352941177)","(7.5, 9.0, 8.944985673352436)","(1.7, 1.85, 1.844249649368864)"
07-01-2023 12:57:15.345871,"(8.0, 9.8, 9.616666666666667)","(21.0, 24.0, 23.58139534883721)","(8.0, 10.5, 10.178010471204189)","(8.5, 10.0, 9.7989898989899)","(101.0, 230.0, 214.55882352941177)","(7.5, 9.0, 8.942134831460674)","(1.7, 1.85, 1.8434083601286175)"
07-01-2023 12:57:16.464058,"(8.0, 9.8, 9.612322274881516)","(21.0, 24.0, 23.333333333333332)","(8.0, 10.5, 10.178010471204189)","(8.5, 9.8, 9.7989898989899)","(101.0, 230.0, 213.33333333333334)","(7.5, 9.0, 8.940462427745665)","(1.7, 1.85, 1.8435215946843855)"
07-01-2023 12:57:17.699445,"(8.0, 9.8, 9.602985074626865)","(21.0, 24.0, 22.30952380952381)","(8.0, 10.5, 10.215277777777779)","(8.5, 9.8, 9.869613259668508)","(101.0, 230.0, 208.49056603773585)","(7.5, 9.0, 8.980152671755725)","(1.7, 1.85, 1.849089552238806)"
07-01-2023 12:57:18.822711,"(8.0, 9.8, 9.665762711864406)","(21.0, 23.0, 22.21978021978022)","(8.0, 10.5, 10.212328767123287)","(8.5, 10.0, 9.896245733788396)","(101.0, 230.0, 210.0)","(7.5, 9.0, 8.97811320754717)","(1.7, 1.85, 1.8562085308056873)"
07-01-2023 12:57:19.899841,"(8.0, 9.8, 9.665762711864406)","(21.0, 23.0, 22.21978021978022)","(8.0, 10.5, 10.165254237288135)","(8.5, 10.0, 9.896245733788396)","(101.0, 230.0, 210.0)","(7.5, 9.0, 8.989558232931726)","(1.7, 1.86, 1.8561904761904764)"
07-01-2023 12:57:21.074503,"(8.0, 9.8, 9.576901408450706)","(21.0, 23.0, 22.285714285714285)","(8.0, 10.5, 10.189952904238618)","(8.5, 10.0, 9.87008547008547)","(101.0, 230.0, 210.67796610169492)","(7.5, 9.0, 8.993311036789297)","(1.7, 1.86, 1.858139534883721)"
07-01-2023 12:57:22.280716,"(8.0, 9.8, 9.600496277915633)","(21.0, 23.0, 22.376543209876544)","(8.0, 10.5, 10.189952904238618)","(8.5, 10.0, 9.88774193548387)","(101.0, 230.0, 210.67796610169492)","(7.5, 9.0, 8.98961937716263)","(1.7, 1.86, 1.8585239852398525)"
07-01-2023 12:57:23.340000,"(8.0, 9.6, 9.595098039215685)","(20.0, 23.0, 22.376543209876544)","(8.0, 10.5, 10.189952904238618)","(8.5, 10.0, 9.88774193548387)","(101.0, 230.0, 211.61290322580646)","(7.5, 9.0, 8.991176470588236)","(1.7, 1.86, 1.8672727272727274)"
07-01-2023 12:57:24.545817,"(8.0, 9.8, 9.631884057971016)","(20.0, 25.0, 23.135922330097088)","(8.0, 10.5, 10.20434131736527)","(8.5, 10.0, 9.901357466063349)","(101.0, 230.0, 211.61290322580646)","(7.5, 9.0, 9.041891891891892)","(1.7, 1.87, 1.8598257839721255)"
07-01-2023 12:57:25.650054,"(8.0, 9.8, 9.525675675675677)","(20.0, 25.0, 23.135922330097088)","(8.0, 10.5, 10.20434131736527)","(8.5, 10.0, 9.901357466063349)","(101.0, 230.0, 211.61290322580646)","(7.5, 9.2, 9.041891891891892)","(1.7, 1.86, 1.8598257839721255)"
07-01-2023 12:57:26.718572,"(8.0, 9.8, 9.507420494699646)","(20.0, 24.0, 22.857142857142858)","(8.0, 10.5, 10.160714285714286)","(8.5, 10.0, 9.905418719211823)","(101.0, 230.0, 211.61290322580646)","(7.5, 9.2, 9.023809523809524)","(1.7, 1.87, 1.8695824634655533)"
07-01-2023 12:57:27.799231,"(8.0, 9.8, 9.507420494699646)","(20.0, 24.0, 22.857142857142858)","(8.0, 10.5, 10.160714285714286)","(8.5, 10.0, 9.905418719211823)","(101.0, 230.0, 211.61290322580646)","(7.5, 9.2, 9.023809523809524)","(1.7, 1.87, 1.8695824634655533)"
07-01-2023 12:57:29.091550,"(8.0, 9.8, 9.507420494699646)","(20.0, 23.0, 22.75)","(8.0, 10.5, 10.143044619422572)","(8.5, 10.0, 9.940645161290323)","(101.0, 230.0, 211.61290322580646)","(7.5, 9.2, 9.05)","(1.7, 1.87, 1.852857142857143)"
07-01-2023 12:57:30.363147,"(8.0, 9.8, 9.505836575875486)","(20.0, 23.0, 22.827814569536425)","(8.0, 10.5, 10.154822335025381)","(8.5, 10.0, 9.974603174603175)","(101.0, 230.0, 211.61290322580646)","(7.5, 9.2, 9.0265625)","(1.7, 1.86, 1.8601904761904764)"
07-01-2023 12:57:31.516610,"(7.5, 9.8, 9.488888888888889)","(1.01, 23.0, 22.84)","(7.5, 10.5, 10.154822335025381)","(8.0, 10.0, 9.90967741935484)","(101.0, 230.0, 211.61290322580646)","(7.5, 9.2, 9.031818181818181)","(1.65, 1.87, 1.86)"
07-01-2023 12:57:33.068143,"(7.5, 9.8, 9.53061224489796)","(1.01, 23.0, 22.84)","(7.5, 10.5, 10.153652392947103)","(8.0, 10.0, 9.934883720930232)","(101.0, 230.0, 210.67796610169492)","(7.5, 9.2, 9.039622641509434)","(1.65, 1.86, 1.8511111111111112)"
07-01-2023 12:57:34.480707,"(7.5, 9.8, 9.663013698630138)","(1.01, 23.0, 22.06382978723404)","(7.5, 10.5, 10.157960199004975)","(8.0, 10.0, 9.90344827586207)","(101.0, 230.0, 206.73469387755102)","(7.5, 9.2, 9.048214285714286)","(1.65, 1.86, 1.8417886178861789)"
07-01-2023 12:57:35.727213,"(7.5, 9.6, 9.468421052631578)","(1.01, 25.0, 22.06382978723404)","(7.5, 10.5, 10.161577608142494)","(8.0, 10.0, 9.954471544715448)","(101.0, 230.0, 206.73469387755102)","(7.5, 9.2, 9.044036697247707)","(1.65, 1.85, 1.8581666666666667)"
07-01-2023 12:57:36.894423,"(7.5, 9.6, 9.447826086956521)","(1.01, 23.0, 22.956521739130434)","(7.5, 10.5, 10.17639902676399)","(8.0, 10.0, 9.7)","(101.0, 230.0, 207.2)","(7.5, 9.2, 9.07121212121212)","(1.65, 1.86, 1.8484307692307693)"
07-01-2023 12:57:38.070206,"(7.5, 9.6, 9.399999999999999)","(1.01, 23.0, 22.76923076923077)","(7.5, 10.5, 10.17639902676399)","(8.0, 9.8, 9.622900763358778)","(101.0, 230.0, 205.89285714285714)","(7.5, 9.2, 9.072180451127819)","(1.65, 1.85, 1.862520107238606)"
07-01-2023 12:57:39.178811,"(7.5, 9.6, 9.437362637362638)","(1.01, 23.0, 22.944444444444443)","(7.5, 10.5, 10.18997668997669)","(8.0, 9.8, 9.624242424242425)","(101.0, 230.0, 205.0)","(7.5, 9.2, 9.087671232876712)","(1.65, 1.87, 1.847799043062201)"
07-01-2023 12:57:40.234030,"(7.5, 9.6, 9.471428571428572)","(1.01, 23.0, 22.925925925925927)","(7.5, 10.5, 10.187058823529412)","(8.0, 9.8, 9.407874015748032)","(101.0, 230.0, 204.03846153846155)","(7.5, 9.2, 9.119607843137254)","(1.65, 1.85, 1.8480833333333335)"
07-01-2023 12:57:41.377131,"(7.5, 9.6, 9.5)","(1.01, 23.0, 22.692307692307693)","(7.5, 10.5, 10.187058823529412)","(8.0, 9.8, 9.270399999999999)","(101.0, 230.0, 220.4255319148936)","(7.5, 9.2, 9.157894736842104)","(1.65, 1.85, 1.8470588235294119)"
07-01-2023 12:57:42.504280,"(7.5, 9.6, 9.5975)","(1.01, 24.0, 23.38095238095238)","(7.5, 10.5, 10.25360576923077)","(8.0, 9.2, 9.227906976744185)","(101.0, 230.0, 220.46511627906978)","(7.5, 9.2, 9.157219251336898)","(1.65, 1.85, 1.8576331360946747)"
07-01-2023 12:57:43.596960,"(7.5, 9.8, 9.570454545454545)","(1.01, 24.0, 21.89189189189189)","(7.5, 10.5, 10.497641509433961)","(8.0, 9.4, 11.518518518518519)","(101.0, 230.0, 348.8888888888889)","(7.5, 9.2, 9.775609756097563)","(1.65, 1.86, 1.8458730158730159)"
07-01-2023 12:57:44.750645,"(7.5, 11.5, 11.05)","(1.01, 32.0, 19.625)","(7.5, 11.0, 10.742857142857142)","(8.0, 13.0, 11.518518518518519)","(101.0, 420.0, 348.8888888888889)","(7.5, 9.8, 9.775609756097563)","(1.65, 1.93, 1.8325641025641026)"
07-01-2023 12:57:45.967040,"(7.5, 11.5, 11.05)","(1.01, 32.0, 21.25)","(7.5, 11.0, 10.742857142857142)","(8.0, 13.0, 11.166666666666666)","(101.0, 420.0, 222.5)","(7.5, 9.8, 9.775609756097563)","(1.65, 1.84, 1.91625)"
07-01-2023 12:57:47.256842,"(7.5, 11.5, 10.972413793103449)","(1.01, 27.0, 21.25)","(7.5, 11.0, 10.742857142857142)","(8.0, 12.0, 11.566666666666666)","(101.0, 240.0, 222.5)","(7.5, 9.8, 9.775609756097563)","(1.65, 1.92, 1.897216494845361)"
07-01-2023 12:57:48.491169,"(7.5, 11.0, 9.103370786516855)","(1.01, 27.0, 15.90625)","(7.5, 11.0, 9.317073170731707)","(8.0, 12.0, 9.525)","(101.0, 240.0, 158.33333333333334)","(7.5, 9.8, 8.975)","(1.65, 1.93, 1.894189189189189)"
07-01-2023 12:57:49.765119,"(7.5, 9.4, 9.103370786516855)","(1.01, 22.0, 15.90625)","(7.5, 10.0, 9.317073170731707)","(8.0, 9.8, 9.108333333333334)","(101.0, 200.0, 128.57142857142858)","(7.5, 9.0, 8.975)","(1.65, 1.93, 1.875)"
07-01-2023 12:57:50.924297,"(7.5, 9.4, 9.072727272727274)","(1.01, 22.0, 15.90625)","(7.5, 10.0, 8.466666666666667)","(8.0, 9.4, 8.3)","(101.0, 200.0, 128.57142857142858)","(7.5, 9.0, 8.966666666666667)","(1.65, 1.91, 1.875)"
07-01-2023 12:57:52.032226,"(7.5, 9.4, 9.175)","(1.01, 22.0, 15.90625)","(7.5, 9.2, 8.466666666666667)","(8.0, 9.0, 8.955555555555556)","(101.0, 200.0, 145.0)","(7.5, 9.0, 8.966666666666667)","(1.65, 1.91, 1.8523809523809525)"
07-01-2023 12:57:53.098847,"(7.5, 9.4, 9.207692307692307)","(1.01, 22.0, 15.90625)","(7.5, 10.0, 7.162162162162162)","(8.0, 9.0, 8.955555555555556)","(101.0, 190.0, 145.0)","(7.5, 9.0, 8.73913043478261)","(1.65, 1.91, 1.8520408163265307)"
07-01-2023 12:57:54.192095,"(7.5, 9.8, 9.73846153846154)","(1.01, 22.0, 15.90625)","(7.5, 10.0, 7.146341463414634)","(8.0, 9.0, 8.0)","(101.0, 190.0, 136.0)","(7.5, 8.8, 9.65)","(1.65, 1.87, 1.8623529411764708)"
07-01-2023 12:57:55.247926,"(7.5, 9.8, 9.772881355932205)","(1.01, 22.0, 15.90625)","(7.5, 10.0, 8.428571428571429)","(8.0, 9.2, 8.68888888888889)","(101.0, 190.0, 136.0)","(7.5, 9.8, 9.600000000000001)","(1.65, 1.88, 1.872807881773399)"
07-01-2023 12:57:56.206720,"(7.5, 9.8, 9.750877192982458)","(1.01, 21.0, 16.6)","(7.5, 12.0, 11.86111111111111)","(8.0, 9.0, 8.68888888888889)","(101.0, 190.0, 136.0)","(7.5, 9.8, 9.600000000000001)","(1.65, 1.88, 1.872807881773399)"
07-01-2023 12:57:57.257664,"(7.5, 9.6, 9.588679245283018)","(1.01, 14.5, 13.071428571428571)","(7.5, 12.0, 11.86111111111111)","(8.0, 9.4, 7.195555555555556)","(101.0, 190.0, 160.0)","(7.5, 9.2, 9.138461538461538)","(1.65, 1.88, 1.8635443037974684)"
